1894 1894
2
-0.0639771056331127
0.0274420751366062
0.0852473228868559
0.00696478672065994
0.0118568959347218
0.00238933324174521
0.507339367346785
0.109615935243457
0.413828292135479
0.0559766378422508
0.227537869681223
0.140328147880381
0.238700528202907
0.207445153955984
0.365241694264139
0.224049305034365
0.381439909919475
0.168282392614688
0.21232573338579
0.195651446412237
0.440248683986181
0.227895292993154
0.26711809622982
0.259453313199638
0.269499845096737
0.172610151520892
0.202039773553748
0.00491801071783966
0.00874150472017461
0.263844507673559
0.228383459707684
0.262030111209268
-0.067051207167438
0.136709144391263
0.260563827212264
0.145679098999205
0.179345111836615
0.284321970123984
0.193489459584098
0.214511954515176
0.342661764777506
0.244721599084405
0.672114733784829
0.755850422817838
0.401773619889971
0.533841729437253
0.735957977269691
0.618008936961769
0.778291168229624
0.741715864509817
0.95592655146629
0.606011870128922
0.8069060913561
0.625315644050723
0.519707475689572
0.512409252781486
0.554127710451792
0.76063806783568
0.648974326257503
0.690710448427462
0.67120074820799
0.671266837801517
0.817582889120105
-0.0774049969378001
0.304909857451547
0.179645799908283
-0.0466625893187122
-0.0663686004308726
0.122978563618395
0.110204780904282
0.0718558047883491
0.151097662513251
0.0194823036639543
0.0327113605760033
0.0404761699231819
0.089994722431352
0.0919800207543477
-0.00200503736142312
0.0983409374653636
0.19215753020514
0.0983714805164866
0.234700693764388
0.0582550537370638
0.212833435470625
-0.0891984869384478
-0.0546231874551408
0.0296468744466612
0.0395057101577991
0.0442516739178407
-0.114487480639004
0.232097355496659
0.0346946575024868
-0.0489857755833337
-0.0908826621035769
0.0597302134925136
0.567418419078145
0.559329557530448
0.602839700165492
0.544198303759285
0.57119231325387
0.57931706941293
0.506829185270619
0.697163733938384
0.774859208297169
0.49560779011216
0.673288726873792
0.52081751110738
0.82184499351898
0.645228060055373
0.615689535947073
0.65956184433361
0.555092992691415
0.170909530097466
0.542627468548822
0.52252748688407
0.550790642819194
0.626173547016597
0.476019426308029
0.56294486278688
0.663335085880038
0.619725352014195
0.630838367200649
0.590641362457295
0.720232178208506
0.736082150870696
0.04205357493524
-0.0399592597696078
0.168914877421206
0.0464228410647645
-0.0345049756786792
0.064377543211393
0.638693543951222
0.558245148689722
-0.0217091776029307
-0.199057012371119
0.130407007825642
0.10832294607925
0.662280959038715
0.140634144003669
0.112705177777485
0.192729494521469
0.12192243538056
0.104340602105903
0.0429678215637982
0.712812000639027
0.522841097015829
0.472412735758324
0.446612689809205
0.623082085542958
0.860140105963559
-0.156405555857106
0.849811986278899
0.307285819672026
0.601114148302901
0.750625429153431
0.842501711483119
0.498906700685164
0.444417244852414
0.704724400841305
0.734345504310048
-0.255058610286177
0.740199371565526
0.483125515150931
-0.202882681804445
0.913384910708737
0.870995071525782
-0.209223715076197
-0.00524112148738801
0.537036045288178
0.54508200733672
0.715031201302247
0.610052689687324
0.924514850748306
-0.0807985822675617
-0.162263556431468
0.680480005594328
0.253860367137301
0.777565792519762
0.649162849107241
0.699848128764862
0.718235741678833
0.331930059135272
0.626199173593679
0.453370405133101
0.749872512487215
0.829196514486362
0.531104123568719
0.591236690902475
0.648390919174158
0.533883889289872
0.442482764597384
0.606453700163329
0.491129447872713
0.691819004552196
0.58435850021026
0.680890944508654
0.612870438433591
0.850102754385245
0.616628582488937
0.792699700316735
0.436329122951254
0.624290972545028
0.839069708042045
0.669688301565343
0.935482242584178
0.934629560652684
0.770295502145609
0.597751062515643
0.603211046235769
-0.206821734701058
-0.165072690471008
0.555174179776024
-0.0278144376638059
0.755217459416502
0.837709541568815
0.647347495453315
0.801346777456894
0.68534857664506
0.707677374378014
0.680228395245831
0.591729948125525
0.503462923354113
0.360793111920658
0.583271045766145
0.627086662421039
0.403880481296782
0.62705524919752
0.520582129474081
0.291550666257576
0.499701342117801
0.833644183148826
0.534101388880419
0.710499038900066
-0.0961090480438184
0.551372048506027
0.25159961574214
0.418115849076956
0.696508407106454
0.503884434863058
0.786498242697408
0.74910097413171
0.690888224648101
0.675501009666459
0.795746870015383
0.58902388600637
0.415061848524994
0.497940417747286
0.428964201328964
0.809448038961244
0.673724422192803
0.44119678032097
0.438367719333546
0.509856515038624
0.852943867260363
0.699720126405313
0.432020377311918
0.717655336690256
0.625128992071638
0.835897190009656
0.768877947802819
0.524436384070639
0.616782080899709
0.692934870125062
0.459772568015719
0.556940760267118
0.579439111091563
0.365264536289551
0.519633989630673
0.660932061298022
0.584769178072867
0.303594374330885
0.426679128615316
0.320399926810475
0.752255044509289
0.433136677970982
0.624837005723936
0.596518941910582
0.436876504897377
0.609298859340091
0.585495989567183
-3.7529520273397
0.628392530136717
0.566140309861921
0.69835800204419
0.721242056783458
0.648173463092231
0.666883387861927
0.727289189328235
0.497905523834179
0.655744789607011
0.845266031644231
0.52535498156118
0.694862693561258
0.817242869256108
0.508345286637332
0.675540297950168
0.494820632162135
0.62939710066005
0.359516133928549
0.476739145897312
0.685896567711861
0.635744921276496
0.808032616540825
0.784183192544695
0.697038777182223
0.630471850587173
0.77970180470186
0.628744427853929
0.650000868633851
0.877968241535092
0.724915924642186
0.845617233223526
0.680690108719503
0.580948381604962
-3.80192650455686
-3.68422006831313
0.58969491945006
0.907754373198863
0.5203476615218
0.291678451074027
0.790400226249922
1.06381613781702
0.765247196986346
0.591824709899522
0.0743074284987187
0.695884972092862
0.768727103417857
0.709865988481491
0.433810974561159
0.72686232625905
0.740558926799829
0.443942913878991
0.590221417258664
0.812623472071161
0.61850493522787
0.47398283132225
0.370629192623623
0.704508380543832
0.815694179933139
0.52390614452073
0.629844717340895
0.574794652941592
0.855269446499075
0.789165277584573
1.00032949098031
0.501239676389248
0.559320855806481
0.735628355965834
0.889729187088105
0.95657400323803
0.759294869724185
0.40411320890427
0.867010508612824
0.796925736069768
0.893124773814379
0.720320196146429
0.717595816898324
0.738901117858318
0.888600573489628
0.944130494457073
1.05890362306026
0.91175751429249
0.819946668927031
1.05665200847526
1.14167015758648
0.772744950424987
1.18486934411558
0.269942066708723
0.465076051230305
0.833147532253428
0.598100349715665
0.728110936631028
0.598615143705533
0.817501049406199
0.584033534328725
0.681625239485581
0.503029359957474
0.328626232088226
0.611592372725987
0.534085899811758
0.512563142769836
0.531016018613557
0.707177808405088
0.577060538353893
0.512092074942901
0.806308892040268
0.911221357570284
0.440208525530075
0.0765891075400193
0.682379678953491
0.384463323911695
0.756234255862008
0.600315068991042
0.553038602680124
0.629362467798662
0.684972314100741
0.576545048226108
0.730482286937805
0.729292239168123
0.626810252159238
0.250501806246505
0.184323194083467
0.509369784108548
0.750921157242438
0.656428266515973
0.0920553341752793
0.384465107765108
0.840540038340693
0.703316896989696
0.473609222803741
0.688578613072868
0.806406699417653
0.651769929116275
0.833521314806417
0.450048957095023
0.30772090587036
0.374080774943623
0.434763987369989
0.154360417423173
0.663889255170855
0.420632083087778
-0.0165808165831738
0.458992023375909
0.117378612668264
-2.78818075294833
-2.43843958398686
-2.40370108367055
0.371761591472026
0.429781858821492
0.639682625405893
0.258462882977752
0.0604199991513515
-0.00863609909298429
0.0366357510677318
0.633947319139461
0.566476065881175
0.499753247901262
0.559576077370424
0.504615379676259
0.53247455807623
0.59449618266591
-0.0847219285524142
0.50866429183795
0.0732004821929187
-3.03752038657549
0.785555497922859
-2.74837580437829
0.396460347235923
0.623519956292961
0.256491594430342
0.290488838390543
0.392183362889065
0.36516046367091
0.519976402468762
0.385667686017302
0.65432736579008
0.789471056164761
0.395398649894749
0.672565961681121
0.603544800858511
0.638064974920489
0.648616728911093
0.0377633204593329
0.31985841852803
0.370944456082936
0.552603821042129
0.39425750581376
0.466222894940493
0.135727546419202
0.355165489488314
0.546641834866366
0.584685902574506
0.438549541855829
0.669905453086931
0.362005914698513
0.375674843757077
0.606817432225136
0.431219905724224
0.816520843709973
0.434196852510461
0.480347489774571
0.335733582681103
0.41397404601192
0.523487722123792
0.30583319738165
0.575059489910518
0.437222311407813
0.616108872025027
0.30435294711768
0.299003301257451
0.374568376046095
0.126228918571665
0.721850437814587
0.148993107063292
0.488488431140209
0.346793865420319
0.277944563646051
0.577821852183737
0.522495856117451
0.562253554326348
0.361738380195158
0.293261555715283
0.397877379475275
0.0931033263012051
0.430461637497768
0.475730137494757
0.774576402268252
0.648297680201855
0.783373497129597
0.456224744628648
0.668982722277506
0.936505391288179
0.793573919015046
0.650787896058017
0.348379885139104
0.143374316880773
0.445365384695823
0.573456501829998
0.771826526968925
0.214971144488897
0.567326746416156
0.277603891152756
0.500110062092515
0.597090775701052
0.760814364763245
0.468788554743445
0.426569399876097
0.250549100116264
0.813554382501116
0.538152258930003
0.449912209502887
0.253136949315331
0.493212988659293
0.480807854481028
0.586463882323996
0.498245630715417
0.610694354812626
0.635044258462699
0.571565182125842
0.385963936209747
0.408473860327068
0.636516720683719
0.254121810433879
0.221703189727092
0.399450085556391
0.108871285215009
0.472625492909309
0.501128511865574
0.208630676829203
0.721175880172691
0.6337126771527
0.400067951466645
0.124548702690941
0.787466701066279
0.381731287146499
0.267790826509683
0.719738181338918
0.255881037968221
0.547969108823002
0.41156971617131
0.145701941024618
0.490167428779578
0.129586870341783
0.594542649871892
0.239389400180728
0.0876357720812274
0.519500809745363
0.435449248132364
0.053517226088931
0.176354242292031
0.500937334990027
0.189631463246235
0.117629700913322
0.701069241689105
0.416541924754485
0.306011800266066
0.24131587484971
0.12080226245433
0.280833405477126
0.0782200281544724
-0.0656500555743249
-0.162379811463663
0.200246348244217
0.132701043314975
0.0212170793539497
0.431726998688381
0.44051008377414
-0.0239290308954481
0.189116582239127
0.211406526774571
0.475694242883395
-3.78137995041814
-0.310441080541007
-0.280513023759339
-0.649761282423095
-0.538002822579541
-0.350089659131361
-4.30515455450613
0.0700218294451338
-3.84327727088095
-0.260599737582293
-0.120325728299962
0.229406173325487
-0.0785512750359296
-0.297728949541198
0.450461375302424
-0.0201459128923185
0.180008183202875
0.239310910630549
0.0319800241852246
0.290261331817435
0.0116382651200592
-0.119799056456879
0.0307415948302881
0.778088200518101
0.837314700843827
-3.87102219564524
-4.1332586543634
-4.50908815738901
-4.32422225065672
-4.32627607505595
-4.48307561534063
-0.034201416038102
-0.143690857848727
-4.30398995927905
0.474694980411682
0.58170325615907
-4.31238781904481
-4.45695595507021
-0.050327624927614
0.591458758898104
-4.22776203066725
-4.51757825542881
-4.40861557247851
-4.24347938905619
-3.93488332117286
-0.0519702493608023
0.337014345923138
-0.0700750562458559
0.0973406307867751
-0.0801255039187398
-0.127620427009841
-0.195232126092949
-0.421447102313162
-0.29886395890679
-0.0580269102933236
-0.184313289876811
-0.139106137033787
0.218108942642659
0.123608394399102
0.295913841180324
0.278750560828464
-0.399225422802238
-0.321590294899162
-0.413496902736874
-0.379487084785541
-0.230424290788253
-0.0203584525002044
-4.29085549010652
-0.207664105089651
-0.203367715898348
-0.0748149723077406
0.201422081677974
0.0050096398712087
-0.016766380846763
-0.347408570959991
-0.351720144659616
-0.433609545409997
-0.419010228024916
-0.164079519206072
-0.316107251610524
-0.282094039986844
-2.22262194966546
-3.00200834650717
-2.93316526646554
0.393969348224604
-0.328989022719063
-2.47571515894288
-2.35322634222431
-3.12529750428758
-0.0753073593583947
-3.30674698366469
-2.92304607517332
-3.22986368471234
-0.315853335305176
0.519370631954822
-0.12034186999792
-0.0155255585177357
-0.221730441881773
-0.187482327219613
0.0976901790385162
0.0511785507556488
0.411686710850041
0.394137117462681
0.115638441909409
0.102893766461965
-0.450296319357442
0.0698385711383957
0.114854808157591
-0.354978853267894
-0.206275092401472
-0.236475904720874
-0.142714263367947
0.0703675054297097
0.548997739613102
0.319711620444712
0.144845995946636
-0.200901690834813
-0.504684661157699
0.307206633983929
-0.458419857275146
0.16922170020827
0.307868182548496
0.173616331863158
-0.37855008314881
-0.475149356687268
-0.430406353800626
0.362515966248819
-0.0435101722686868
0.0942378570719796
0.208819025644462
-0.307225401957744
-0.455545416797236
0.507424905293377
-0.150926471852872
-0.0430140434767271
-0.151100941418404
0.00628487751852418
0.165555881444212
-0.343669092102554
-0.520534198733691
-0.442217029706108
0.038508666625698
-0.0583294257270249
-0.00420657352499062
0.320624909883634
0.280293550522234
-0.0896269163179468
-0.14331411670959
0.117456884675344
-0.098688848148217
-0.377151716107366
-0.42218648779861
0.0524456957996753
-0.0907627523473162
-0.0813212513176198
0.165136458349018
0.299144617254669
0.252975836896089
0.224761193072079
0.269023643252661
0.47733765047174
0.496993974740051
-0.630016374604804
-0.358456018656356
0.33153117210864
0.120806047704256
0.171116239550294
-0.221056493360555
-0.00809593957775326
-0.00830386727193684
-0.206933986940228
-0.0542246049888475
-0.0792100390488263
-0.00420222266300729
0.556171614885704
0.541855495107119
-0.54512283418079
0.434735489223998
-0.0743409894032761
-0.128230635403004
-0.316553171455196
-0.138715864713882
-0.13901137525979
-4.37206158798242
-0.19252963168062
-0.0909999613426476
-0.0313427691891914
-0.0479533160346883
0.0482327996498319
-0.0618773796399553
0.249813456372121
-0.393352629297132
-4.00836146150257
-4.32477354837863
-4.47733909083284
0.0427020274052363
-4.37254862347284
-4.29852044717118
-0.013520942367534
-0.22387994173602
0.62902618967597
0.569620216293432
0.235229715072941
-0.0369728716128665
0.144749363301986
0.0927158820415892
-0.249212966159847
-0.362508019930056
0.119086021436384
-4.40274421475786
-4.06802818204377
-0.0326287099569859
0.166789611868206
0.218352764948205
0.3611477071723
-0.154089635531996
0.327220903667609
-0.00147423219945625
0.0433393416685552
-0.168874821741005
-0.0379416780506957
-0.20017936072834
-0.0923745726776625
0.0346605032359176
-0.0125145444821688
-0.017047577056746
-0.11357201576909
0.000648988448411215
0.0346357468312324
-0.0636847277078326
-0.0653866108812339
0.247596170088174
0.242243130555598
-0.0927094150158999
-0.146803551528844
0.0709525658406088
-2.68893785216018
-2.7251233621549
-3.32680471845959
-3.15633185474575
-0.612173315576667
-0.790434961887215
-0.410195903750118
-0.468555886403242
-0.402780251077102
-3.09254247493224
-2.96323011434796
-2.82608250396099
-2.87215299834737
-0.601733813825234
-3.05862385104808
-0.279461115857629
-0.38158124167536
-0.148742121594139
0.206025641725301
0.157908284318864
-0.116981220693372
0.421747383048586
0.111616070005816
0.0437082077475023
0.033511658129218
0.0456486051748301
0.232889560446585
0.00935345345813067
0.36796450720193
0.104541263860575
0.429977386559023
-0.0694824688437256
0.352569721720436
0.459009035246264
-0.0820499336825887
0.387290905606044
0.114760873047371
0.0328928785379481
0.127971177744271
0.136752870554195
0.131064075002365
0.189800320199809
0.296220098355331
0.612696403954258
0.288537302756538
0.115765487079323
0.0360230626832386
0.133176766564233
0.331336514543505
0.47861428039489
0.20346985837905
-0.0825059475270621
0.539661050848584
-0.129001564637831
0.454296660140733
0.640515815475702
0.230882638339532
0.418614718911965
0.450569668257189
0.443874692363092
0.476598961124209
0.248963080397479
0.380903057059352
0.0338024697441841
0.48370270050164
0.0061669691587758
-0.309864199750636
-0.212399539763693
0.157702183986713
0.543983110125589
0.408251270228
0.265267326559349
0.157691915952433
0.92152693978987
-3.71574019251174
0.702863885239991
0.3521249766085
0.017630576803847
0.0953174364559045
0.64237785387871
0.0291993447830553
0.166605396371832
0.639041786944368
0.381778842067977
-3.87118726734889
-3.90072496479341
0.0254683501064861
0.490769022466014
-3.99407462302514
0.529701666717011
0.353015859108207
0.170345397332706
-3.88425029536765
0.4022308519758
0.392025644142169
0.734210018467887
0.991504724636756
0.893346885318628
0.880253009688401
0.987774904692922
-4.08048191535039
-3.95604935104076
0.114841668554401
0.601356230263654
0.590854815746197
0.530903287779569
0.239505698721543
0.466065611279795
0.503438863087345
0.750042065578706
0.49742501463674
0.864224434141795
0.111894829733088
0.558269208956489
0.213877598838006
0.214718750985244
0.390856872087586
0.459258687706867
-4.00488721119164
0.154899750274628
0.343466674244423
-3.79374901595056
0.513693757764826
0.469651113131642
0.434823159092962
-0.289450956023085
0.538076205862534
0.431942148813457
0.539946945989509
0.385560785338371
0.49008863466906
0.685994897192684
0.450495660094852
0.0342890701484003
0.212017996917709
-0.0341322373325669
0.315159052499829
-0.0517832928213784
0.417779266393925
0.599534350316752
0.54658579576402
-0.420346464757238
-0.276765582824473
-0.344685148901522
-0.541549906320075
0.584789844667288
0.28764663779993
0.499020997829467
-2.85692998489698
-3.13471629381772
-3.10352539934539
0.233606843553157
0.434739361491163
0.42502823754436
-0.207912887377858
-0.265748591161991
-0.170169333706907
0.610564090004845
0.585162147927202
0.501169061899259
0.572379750506362
0.435526345406709
0.439428938079901
0.469332281965503
0.135123516250056
0.125137069756947
0.673951841748672
0.630006351863576
0.53528386615025
-0.0704878660308347
0.152861197400956
0.166095649381864
0.593591203373376
0.490881231196564
0.307950196296881
0.207632763124705
0.260076487161511
0.0956196038206471
0.0934400830187153
0.119049952790542
0.351295006176559
-0.0490911534605701
0.226696064904687
0.023394903319708
-0.0555376516267982
0.425269101263757
0.030600365850309
-0.0296283555332781
0.178523408042442
0.393943243052704
0.312597613033
0.335025262350216
0.14277737861666
0.0600992100973202
-0.0601691006994384
0.302589238195495
0.353612753863701
-0.0520589634366425
0.162338201464436
-0.030711067537831
0.146087296870482
0.0984055042571963
0.507734686666591
0.533929834392416
0.160693532126116
0.339776664687737
0.395203992329615
0.120516715382364
-0.0319153861348181
0.467779763883989
0.336780922177732
0.0358794842377885
0.157880047224592
-0.0949547643596396
0.0487865338544509
-0.159196155224597
0.078120915518492
0.52222719038998
0.452597300467282
0.450286818719652
-0.106194389629809
0.276476887373213
-0.15411730701421
0.182569840212803
0.184224168464727
0.544076218572032
0.0904907206974522
0.383322005796226
0.0927863224970994
0.487580275718428
0.356164186347968
-0.232073485023036
0.327788299578856
0.33139259715447
0.47633777887935
-0.157598997299135
0.399586354553709
0.443425683406412
-0.0254102818576745
-0.144354625352904
0.437758033043821
0.254784881800139
0.508415204989404
-3.85738689874981
0.363773104310284
0.307363526067048
0.212686985456266
-3.82572537153674
0.636698108119805
0.0419568552733505
0.567079660964123
-3.88030615196252
0.250723526173176
0.310902995799111
0.185990183343762
0.289904561134801
0.247904559185553
0.170563419026691
0.435357618978995
0.174756040159692
-3.81728635261662
-3.83846465191533
0.379880691510507
-3.72201657197441
0.449379098384069
0.326857650200621
0.650859337211783
0.584185553446423
0.457681891815487
0.272336259040913
0.0685924407577487
0.0769629336016274
0.616137979291696
0.576697458921384
0.452634674371719
0.41883539463176
0.543354584603477
0.525885612688668
-4.01379803758523
0.352572332237626
0.358354584304859
0.424994605381228
-3.94107781741301
0.0179566739094979
0.0220883829747323
0.643649915396777
0.06583773600162
0.195570563887967
0.753382961969849
0.00990383749902255
-3.87591343468691
0.369166258790347
-0.0344075163702525
0.440336266837906
-4.0020587593249
0.270238360409788
0.309986095144743
0.595354912295561
0.67307540411075
0.614406771308527
0.614145328011948
0.376842354061685
0.34590855202395
0.466002958867235
0.543406838455896
0.428794648237473
0.554221384510294
0.479559983755588
-0.219550398976403
-0.130323965629046
-0.17510556066148
-0.0339211770177554
-0.174441749648682
-0.162473006927346
0.30668444352869
0.350295395635887
-0.167193039549967
0.149561938758993
-0.100644952187305
0.137741255870949
-0.248873555416527
-0.211432865248236
-0.353064343469367
-0.312244730376198
-0.0781407712078019
0.212786228618106
-0.204657267881588
0.22518366177066
-0.0873759543622486
0.244817318048038
-0.045014178239086
0.146169658687826
-0.317156766538144
0.120119438174666
-0.0618766835020379
-0.0987516745952564
-0.094702718924945
-0.220815499115298
-0.302630195565424
0.268373015351673
0.228952508946485
-0.401940621731558
-0.386211080929066
0.0924835025030593
0.190774347672018
-0.0324172580645958
-0.356492344117417
-0.257748835267713
0.0994065070737022
-0.0612865760912382
-0.259345819158696
0.187214211345534
0.238716104288807
0.101691275227011
0.149531047638911
0.00557316351529024
-0.0139641646777763
0.0308600688020943
0.42889206403728
0.298974237499402
0.246383019241361
0.35575638005427
0.386091372957239
0.194373598247732
0.191997723044492
0.0206609086666199
-0.225385383490874
0.285920389799422
0.344536116119927
-0.176997097908734
-0.331683119967764
0.163128622560949
0.396010468106846
0.186475478489384
-0.0912153725194425
-0.464620053144498
0.218788764827555
0.245407860545036
0.174326740607797
0.333716697100108
0.152076040847443
-0.0627726565102661
-0.129007568827368
-0.346159960588013
0.256405447363072
0.142272591609353
0.104698852081611
0.257172112753156
0.244424391702323
0.302667031607757
-0.0948608292494194
-0.0759336224322759
0.122842816724515
0.0633975550582666
-0.146630082661569
0.112614027218934
0.209313153039909
0.423168809658542
0.374575554968368
0.14193653102976
0.0611533369386426
0.16501058791184
0.0858922946672654
-4.14940161407155
-4.29303209583093
0.206139416766165
-0.128649449377519
-0.19315637334932
-0.201853354876428
0.224989134731386
0.146271599384096
0.0941511443926517
-4.01517456329952
-3.82434179742604
0.352932409575367
0.316286447856951
0.335693424224997
0.192943992017247
0.242998527213144
0.179319398242293
0.220697183419305
0.399891219452882
0.32364131898806
0.194014086522049
0.203116046282566
0.0172849878365107
-0.0953489524553297
-0.193369435060644
0.206978262956552
0.331132807185445
0.426701230994192
0.152609064949021
-0.136310316631916
-0.166711094568073
0.169151651330339
-0.189221366754352
-4.19382935349888
0.217278189055561
0.281772103950031
0.241085105130113
0.131875815322596
0.369613005298796
-0.218134454452547
0.000360526298916106
-0.0177715604907729
0.15453893329035
0.140464677929418
0.299945132350983
0.368686793799783
0.290935889459331
-0.0390795589851973
-0.0724159070101297
0.132624294109589
-0.174464113079276
0.0369098118640621
-0.124097185992976
0.195855284296156
0.330954726404468
0.273887210812112
0.167208512859961
-0.13226275323744
0.0266962938840427
-0.0290074440196363
-0.229321347275478
-0.100146778490213
-0.101874549292415
0.353240494112407
0.387658335900537
0.330477132284557
0.48701318436752
0.42750566186629
-0.159178490724945
0.26502672389167
0.157208013082646
-0.491114583683396
-0.406406694540211
-0.21965312282783
0.040671436608994
0.305325451788195
-0.484797697695652
0.441384215455212
0.0559084163263521
-0.0388637562308239
0.222366478636451
-0.30439895148751
-0.423563883685294
-0.400183091033389
-0.304626327534759
-0.318139191173981
0.281387357224844
-0.0279468343939588
0.11050037846743
0.22226492951776
-0.000617112388739263
0.166791656773338
0.00751221217540314
-0.00457535258669809
-0.0620599853173958
0.119895760360103
0.224473818638079
-0.0584675655949958
0.025982970061875
0.14308785612779
0.105497626833132
0.059161729865771
0.105323809896897
0.153052156733404
0.0403356805897401
0.170441812434257
0.243118828546984
0.239305994156508
0.0599735136946216
0.0366595067741608
-0.228619031134128
0.0774185558685222
-0.0873623361642407
-0.229144049649657
-0.0907938175018772
-0.155048260952785
-0.30272804645143
-0.462451148445805
-0.147028056007184
-0.243539746693917
-0.358829279105906
-0.168793373604677
0.334007160646116
0.306045388920577
0.041523857488769
0.117157023267453
-0.036630719826497
-0.129079271032853
-0.170419377745089
-0.0904618902411686
-0.0148282023590468
0.131828826013176
-0.18525355466003
-0.326730751315233
-0.168761829855298
-0.346564982330042
0.125160738446136
-0.208015959298244
-0.0404084862693871
-0.32340264645832
0.147572637642972
0.23772328109283
-0.145671022154582
-0.209227674360602
0.346390758057563
0.249617363022533
0.133975628332993
0.47676842719846
0.364326838514903
-0.133332456164662
0.306701759959383
0.196604589746926
0.10670942891273
0.334100530144278
-0.256959762938415
-0.128116164224222
0.010265307112598
-0.209669634920869
0.156809691668072
0.178950880232305
-0.297187267224272
0.0388475117569602
0.138161157560961
0.35694446993606
-0.0319088163332233
-0.240687234560403
0.0575932006121589
-0.274241256210362
-0.221649472340263
0.103083594570298
0.293467830081913
0.20035002928528
-0.357751527084014
0.106441459323176
0.10656841747585
0.150410226319884
0.0221667419990522
-0.127504476537985
0.0567759782058291
0.109105405098333
0.00744842853872745
0.157989993506911
0.19684371312153
-0.243284655655834
0.146516117827559
0.171162793773515
0.315931852605309
0.0432715552388548
-4.14150767114071
-0.247313466835163
-0.047843500278229
-4.09780443725084
-4.16147490800635
-4.1311281242674
-0.172775674069404
0.0168740054135648
0.432214904351193
0.0883325191192387
-0.119479007049385
0.0335772256193068
-4.04741914952697
-4.11097854277604
-4.19949191335295
-4.11844240299983
-4.08019140829577
-4.10949676971038
0.11771132308413
0.0204127790077104
-0.0255254926829932
0.0525518568320687
0.00340743494584559
0.0355425534857991
0.15648120158833
0.188010288562625
0.21460741242709
0.0696010575827255
0.103797701547623
0.242271063089531
0.182139713997131
0.229049054573895
0.0234015601385425
0.174909886639423
0.0779597595906293
0.121514237509283
-0.0803142443115769
0.0845921700894053
-0.11300810054743
0.0889776214255078
-0.0978049270276827
0.150360800527753
0.234939730121752
0.110674543472622
0.575899380307781
0.646630386381221
0.302549558334207
0.246996447272391
0.28045139979499
0.158747087000631
0.207820415802047
0.292416835861218
0.293347354713594
0.0228922047261535
0.0474362438379229
0.196084270162339
0.0840861648407434
-0.0337068100478364
0.183733913336445
0.333793750865833
0.184649552240837
-4.14908456675882
-4.29942103209311
-4.17479968388203
-4.25273545634815
-0.193859429137207
-0.368538053587239
-0.0260850570426699
0.0959612335035786
0.120292297921264
-4.27353662293014
0.00753235666638599
-0.0234861566541644
0.131473839183955
0.130636211234924
-0.0864398228979142
-0.13362548671924
0.267293479476368
-0.110397757391909
-0.104278400538207
0.131640433689297
0.170554064673427
0.240482641271281
0.143778207398686
0.150879031698588
0.171703953987003
0.238583228963836
0.253423453576934
0.168549796592184
0.391361441551793
0.233993417640377
0.112991856073567
0.3575605519929
0.198804168022601
0.174674026411306
0.353993889373441
0.154982460160931
0.110167624542944
0.112216793519855
0.107451816492946
0.38858694037364
0.200253048571672
0.267335552311747
0.32564911126751
0.25677418291616
0.0988491181450172
0.0163595594926553
0.255510736104819
0.414075290570273
0.2405925875536
0.340300160401572
0.112878516118901
0.537432104254521
0.468335151416162
0.398657837097846
0.339626037845874
0.103638547016272
0.291384376312573
0.239680385830174
0.070513389832011
-0.00855787059452393
0.197855680110234
0.179170163676265
0.0734471325587539
0.328577589451253
0.102547394339472
0.0288389628849757
0.00673719313031168
0.037540599834406
-0.0230970155583749
-0.0465188368387828
0.023077420920784
0.400545023483117
0.25067266459659
0.346304306429954
0.294616675188613
0.0269211464313415
0.592765496786179
0.472756105786049
0.162546868805157
0.275345750274786
-0.00339731319609031
0.0340064816625827
0.25264129911819
-0.0247536497671496
0.118943748249529
0.0756011138008436
0.297188121638003
0.136939957619479
0.0949483093252384
0.347392195960267
-0.12898098506065
0.217150795816689
0.317608587796447
0.15445800725746
0.0301820739792312
0.343897540106633
0.453615880766201
0.391429271490113
0.4890339857243
0.185172917428813
-0.0633916101360153
0.121155073852559
0.0488366122758791
-0.0208615861799573
-0.0309985724976897
-0.247111282278797
-0.174357516960685
-0.0977246101154703
0.475361750010628
0.0158559472180843
0.401420721474503
0.545188690472551
0.497054451721619
0.560510511998585
0.245730955555919
0.287195888498456
0.236449044143771
0.294954389095759
0.344725378616202
0.330169395816476
0.269657346300534
0.354574424887878
0.314241064129966
0.122434966922197
0.327163733341148
0.333962607819407
0.0905323584466327
0.251164442526567
0.229533087969541
0.298581311153687
0.13221135379875
0.124256237748421
-4.12431293405671
0.348946541403814
-3.95268639577937
0.474912741053948
0.393957513880009
-4.08151894330412
-4.24088501356414
-0.034312101966958
-4.03427715336321
0.29234848381946
0.410087072933249
0.306528291092108
0.619975657104096
0.253803631897038
0.23225642301077
0.135669375394485
0.0126420959968542
-4.14876042754107
-0.0795997022480538
0.10045911111333
0.216687864101662
-4.07792434815073
0.215106021210381
-0.0505366403372935
-0.12292384553331
0.619850787365175
0.462153577236099
-0.197627928244073
0.0203943748615208
-0.0412578615457738
0.245280989409602
0.336192468094486
0.29643955583377
0.263748049063388
0.1437222988222
0.695167340917331
0.694631184195125
0.178180299066436
0.186585729332041
0.307249446465845
0.267716731330107
0.245408861243292
0.595548656179679
0.228912742067957
0.526862033134968
-0.0563469119556985
0.389472166752769
0.419378860802098
0.233087655192686
-0.201231138104191
0.0380560899621915
0.0699438184897726
0.142797436090403
0.144431054239286
0.228063758369149
0.311674316611517
0.237674246878278
0.259041373587056
0.209073377036007
0.231111754731574
0.343291378015115
0.719378974173574
0.833835229498514
0.122272070649541
0.25745809491132
0.431534386028379
-4.04644024908934
0.159894104745298
0.0600868536492875
0.341866253172473
0.273134033094177
0.204353257396147
-0.14042649311987
0.167085078905494
0.194403575686797
0.0215109800809239
0.238281409668052
0.181502138682093
-3.9341827453763
-0.0024009658019066
0.085240230981823
0.331755154483542
0.259749563392083
0.135469888372549
0.261947227288486
0.284584544644678
-3.97631336020229
-4.20297625766368
-0.127825918221314
-0.0334949665778679
0.241982078836598
0.262183087516602
-0.0622463327361421
0.292035091230801
0.118867216587242
0.191706780903666
0.182647503099206
0.0634385401781496
-0.0887475200938751
-0.132154112213716
0.438560810588366
0.549453318371377
0.536668702010925
0.512962551899907
0.320246080330745
0.371434493668119
0.43892258476228
-0.108043288429627
0.206030601707962
0.0557521333639107
0.352762769466637
0.225050351359491
0.394343913932749
0.145846346133845
0.0883102862145038
0.184524987062255
0.303076099651431
0.175667676271061
0.257902491954298
0.0278927809294598
0.0247375358191453
0.352960646669639
-0.416396447688428
-2.82026039799799
0.414967652363055
0.370190451701224
0.339620947337353
0.273815943692825
0.274832435577992
-2.61708789140186
-3.05033241336643
-0.244803585082837
0.372603961860619
-0.36759783231264
-0.303487880988199
-0.291368293881901
-0.224406178492904
0.206871144734522
0.101148722737689
0.359575479686002
0.0911191156937052
-0.014504150158528
-0.272211622603756
-0.301547483560872
-0.363404341007242
-0.278704326924247
0.303019712480127
0.399994944002564
-2.55912166175823
0.325139755855121
0.32421576329572
-0.22216992245071
-2.33703252093957
-2.91207311423411
-3.10586846904928
-2.79182020548877
0.0871223703671939
-3.09656310649104
0.0308120352857983
0.284699624944138
0.288266766158414
0.0872738238728338
0.0599443629193333
0.00086218068559463
-0.167399836020035
-0.114015020536233
0.0373464643727096
0.142688838575299
0.102337378231536
-0.242467389740885
-0.0824135787271559
-0.0832718297619885
0.214517349584035
0.0513018976928764
-0.0150493566736597
0.218250389165737
0.149207387015971
0.0757445617204341
0.235440905913612
0.305077757215484
-0.155467684047978
-0.0452354195709386
0.167951814121194
0.104476305491163
-0.0191250266365488
0.193434638723108
-0.228337008260368
-0.0618209054514116
0.0557959030354631
0.20228477059203
0.124827723469932
0.0332519986860525
0.109752639326974
0.139492564836481
0.0368131357107924
0.067937592520637
0.310061016988096
0.17977201841442
0.0818140141871864
-0.121592916852608
0.254754773835215
0.146247234556989
-0.00894348749210691
0.0543521129949132
-0.203216610461666
0.0711536191728587
-0.147990423169278
0.248154646732355
0.219320179110199
0.285184223951841
0.0960440304071214
0.280176207774544
0.0854581656585683
0.242747090899128
0.102503929228258
-0.108266574666612
0.094826485189705
0.103154426603387
0.0104581373156994
0.141416864074471
-0.0619218019408051
-0.0594153573694455
0.0855171633470623
0.119676433407523
0.0300354499303928
0.298244902505135
0.344387099096998
0.199122303050823
0.380931859765681
0.234245985178509
0.394617626660121
-0.138733703248014
-0.0127115515127742
0.26112378314952
-0.0385833431759979
-0.014513548020412
0.221601074996343
-0.0903344099850569
0.00772953773147073
0.218967193677491
0.0475650728612495
0.312394688830098
0.0982791552252003
0.211578298805673
0.160153285593645
-0.0126955403406755
-0.151376742559528
0.257784931663508
0.376745329839457
0.204187097977003
0.012097281059301
0.120864131711733
-0.0681043768191241
-0.190564738900327
-0.301587424473879
-0.0381064887026244
0.0742271115865064
-0.30466265723232
0.095419377152174
0.18962241345331
0.337230931832668
0.137077444858152
-0.243073421306544
-0.264164442313859
-0.059753854431749
-0.320076151420342
0.109140516554538
0.0880905241757256
-0.191178863069274
-0.0770487483586047
-0.0246461834761612
-0.00673090013910174
-0.095571063959579
-0.291458356724956
0.0515117832749524
0.150277786081111
0.104481091439345
0.499751377030609
-0.154000964964776
0.00229361427811184
0.250342782241014
0.0655382226626872
-0.251705357447001

2
-0.0639771056331127
0.0274420751366062
0.0852473228868559
0.00696478672065994
0.0118568959347218
0.00238933324174521
0.507339367346785
0.109615935243457
0.413828292135479
0.0559766378422508
0.227537869681223
0.140328147880381
0.238700528202907
0.207445153955984
0.365241694264139
0.224049305034365
0.381439909919475
0.168282392614688
0.21232573338579
0.195651446412237
0.440248683986181
0.227895292993154
0.26711809622982
0.259453313199638
0.269499845096737
0.172610151520892
0.202039773553748
0.00491801071783966
0.00874150472017461
0.263844507673559
0.228383459707684
0.262030111209268
-0.067051207167438
0.136709144391263
0.260563827212264
0.145679098999205
0.179345111836615
0.284321970123984
0.193489459584098
0.214511954515176
0.342661764777506
0.244721599084405
0.672114733784829
0.755850422817838
0.401773619889971
0.533841729437253
0.735957977269691
0.618008936961769
0.778291168229624
0.741715864509817
0.95592655146629
0.606011870128922
0.8069060913561
0.625315644050723
0.519707475689572
0.512409252781486
0.554127710451792
0.76063806783568
0.648974326257503
0.690710448427462
0.67120074820799
0.671266837801517
0.817582889120105
-0.0774049969378001
0.304909857451547
0.179645799908283
-0.0466625893187122
-0.0663686004308726
0.122978563618395
0.110204780904282
0.0718558047883491
0.151097662513251
0.0194823036639543
0.0327113605760033
0.0404761699231819
0.089994722431352
0.0919800207543477
-0.00200503736142312
0.0983409374653636
0.19215753020514
0.0983714805164866
0.234700693764388
0.0582550537370638
0.212833435470625
-0.0891984869384478
-0.0546231874551408
0.0296468744466612
0.0395057101577991
0.0442516739178407
-0.114487480639004
0.232097355496659
0.0346946575024868
-0.0489857755833337
-0.0908826621035769
0.0597302134925136
0.567418419078145
0.559329557530448
0.602839700165492
0.544198303759285
0.57119231325387
0.57931706941293
0.506829185270619
0.697163733938384
0.774859208297169
0.49560779011216
0.673288726873792
0.52081751110738
0.82184499351898
0.645228060055373
0.615689535947073
0.65956184433361
0.555092992691415
0.170909530097466
0.542627468548822
0.52252748688407
0.550790642819194
0.626173547016597
0.476019426308029
0.56294486278688
0.663335085880038
0.619725352014195
0.630838367200649
0.590641362457295
0.720232178208506
0.736082150870696
0.04205357493524
-0.0399592597696078
0.168914877421206
0.0464228410647645
-0.0345049756786792
0.064377543211393
0.638693543951222
0.558245148689722
-0.0217091776029307
-0.199057012371119
0.130407007825642
0.10832294607925
0.662280959038715
0.140634144003669
0.112705177777485
0.192729494521469
0.12192243538056
0.104340602105903
0.0429678215637982
0.712812000639027
0.522841097015829
0.472412735758324
0.446612689809205
0.623082085542958
0.860140105963559
-0.156405555857106
0.849811986278899
0.307285819672026
0.601114148302901
0.750625429153431
0.842501711483119
0.498906700685164
0.444417244852414
0.704724400841305
0.734345504310048
-0.255058610286177
0.740199371565526
0.483125515150931
-0.202882681804445
0.913384910708737
0.870995071525782
-0.209223715076197
-0.00524112148738801
0.537036045288178
0.54508200733672
0.715031201302247
0.610052689687324
0.924514850748306
-0.0807985822675617
-0.162263556431468
0.680480005594328
0.253860367137301
0.777565792519762
0.649162849107241
0.699848128764862
0.718235741678833
0.331930059135272
0.626199173593679
0.453370405133101
0.749872512487215
0.829196514486362
0.531104123568719
0.591236690902475
0.648390919174158
0.533883889289872
0.442482764597384
0.606453700163329
0.491129447872713
0.691819004552196
0.58435850021026
0.680890944508654
0.612870438433591
0.850102754385245
0.616628582488937
0.792699700316735
0.436329122951254
0.624290972545028
0.839069708042045
0.669688301565343
0.935482242584178
0.934629560652684
0.770295502145609
0.597751062515643
0.603211046235769
-0.206821734701058
-0.165072690471008
0.555174179776024
-0.0278144376638059
0.755217459416502
0.837709541568815
0.647347495453315
0.801346777456894
0.68534857664506
0.707677374378014
0.680228395245831
0.591729948125525
0.503462923354113
0.360793111920658
0.583271045766145
0.627086662421039
0.403880481296782
0.62705524919752
0.520582129474081
0.291550666257576
0.499701342117801
0.833644183148826
0.534101388880419
0.710499038900066
-0.0961090480438184
0.551372048506027
0.25159961574214
0.418115849076956
0.696508407106454
0.503884434863058
0.786498242697408
0.74910097413171
0.690888224648101
0.675501009666459
0.795746870015383
0.58902388600637
0.415061848524994
0.497940417747286
0.428964201328964
0.809448038961244
0.673724422192803
0.44119678032097
0.438367719333546
0.509856515038624
0.852943867260363
0.699720126405313
0.432020377311918
0.717655336690256
0.625128992071638
0.835897190009656
0.768877947802819
0.524436384070639
0.616782080899709
0.692934870125062
0.459772568015719
0.556940760267118
0.579439111091563
0.365264536289551
0.519633989630673
0.660932061298022
0.584769178072867
0.303594374330885
0.426679128615316
0.320399926810475
0.752255044509289
0.433136677970982
0.624837005723936
0.596518941910582
0.436876504897377
0.609298859340091
0.585495989567183
-3.7529520273397
0.628392530136717
0.566140309861921
0.69835800204419
0.721242056783458
0.648173463092231
0.666883387861927
0.727289189328235
0.497905523834179
0.655744789607011
0.845266031644231
0.52535498156118
0.694862693561258
0.817242869256108
0.508345286637332
0.675540297950168
0.494820632162135
0.62939710066005
0.359516133928549
0.476739145897312
0.685896567711861
0.635744921276496
0.808032616540825
0.784183192544695
0.697038777182223
0.630471850587173
0.77970180470186
0.628744427853929
0.650000868633851
0.877968241535092
0.724915924642186
0.845617233223526
0.680690108719503
0.580948381604962
-3.80192650455686
-3.68422006831313
0.58969491945006
0.907754373198863
0.5203476615218
0.291678451074027
0.790400226249922
1.06381613781702
0.765247196986346
0.591824709899522
0.0743074284987187
0.695884972092862
0.768727103417857
0.709865988481491
0.433810974561159
0.72686232625905
0.740558926799829
0.443942913878991
0.590221417258664
0.812623472071161
0.61850493522787
0.47398283132225
0.370629192623623
0.704508380543832
0.815694179933139
0.52390614452073
0.629844717340895
0.574794652941592
0.855269446499075
0.789165277584573
1.00032949098031
0.501239676389248
0.559320855806481
0.735628355965834
0.889729187088105
0.95657400323803
0.759294869724185
0.40411320890427
0.867010508612824
0.796925736069768
0.893124773814379
0.720320196146429
0.717595816898324
0.738901117858318
0.888600573489628
0.944130494457073
1.05890362306026
0.91175751429249
0.819946668927031
1.05665200847526
1.14167015758648
0.772744950424987
1.18486934411558
0.269942066708723
0.465076051230305
0.833147532253428
0.598100349715665
0.728110936631028
0.598615143705533
0.817501049406199
0.584033534328725
0.681625239485581
0.503029359957474
0.328626232088226
0.611592372725987
0.534085899811758
0.512563142769836
0.531016018613557
0.707177808405088
0.577060538353893
0.512092074942901
0.806308892040268
0.911221357570284
0.440208525530075
0.0765891075400193
0.682379678953491
0.384463323911695
0.756234255862008
0.600315068991042
0.553038602680124
0.629362467798662
0.684972314100741
0.576545048226108
0.730482286937805
0.729292239168123
0.626810252159238
0.250501806246505
0.184323194083467
0.509369784108548
0.750921157242438
0.656428266515973
0.0920553341752793
0.384465107765108
0.840540038340693
0.703316896989696
0.473609222803741
0.688578613072868
0.806406699417653
0.651769929116275
0.833521314806417
0.450048957095023
0.30772090587036
0.374080774943623
0.434763987369989
0.154360417423173
0.663889255170855
0.420632083087778
-0.0165808165831738
0.458992023375909
0.117378612668264
-2.78818075294833
-2.43843958398686
-2.40370108367055
0.371761591472026
0.429781858821492
0.639682625405893
0.258462882977752
0.0604199991513515
-0.00863609909298429
0.0366357510677318
0.633947319139461
0.566476065881175
0.499753247901262
0.559576077370424
0.504615379676259
0.53247455807623
0.59449618266591
-0.0847219285524142
0.50866429183795
0.0732004821929187
-3.03752038657549
0.785555497922859
-2.74837580437829
0.396460347235923
0.623519956292961
0.256491594430342
0.290488838390543
0.392183362889065
0.36516046367091
0.519976402468762
0.385667686017302
0.65432736579008
0.789471056164761
0.395398649894749
0.672565961681121
0.603544800858511
0.638064974920489
0.648616728911093
0.0377633204593329
0.31985841852803
0.370944456082936
0.552603821042129
0.39425750581376
0.466222894940493
0.135727546419202
0.355165489488314
0.546641834866366
0.584685902574506
0.438549541855829
0.669905453086931
0.362005914698513
0.375674843757077
0.606817432225136
0.431219905724224
0.816520843709973
0.434196852510461
0.480347489774571
0.335733582681103
0.41397404601192
0.523487722123792
0.30583319738165
0.575059489910518
0.437222311407813
0.616108872025027
0.30435294711768
0.299003301257451
0.374568376046095
0.126228918571665
0.721850437814587
0.148993107063292
0.488488431140209
0.346793865420319
0.277944563646051
0.577821852183737
0.522495856117451
0.562253554326348
0.361738380195158
0.293261555715283
0.397877379475275
0.0931033263012051
0.430461637497768
0.475730137494757
0.774576402268252
0.648297680201855
0.783373497129597
0.456224744628648
0.668982722277506
0.936505391288179
0.793573919015046
0.650787896058017
0.348379885139104
0.143374316880773
0.445365384695823
0.573456501829998
0.771826526968925
0.214971144488897
0.567326746416156
0.277603891152756
0.500110062092515
0.597090775701052
0.760814364763245
0.468788554743445
0.426569399876097
0.250549100116264
0.813554382501116
0.538152258930003
0.449912209502887
0.253136949315331
0.493212988659293
0.480807854481028
0.586463882323996
0.498245630715417
0.610694354812626
0.635044258462699
0.571565182125842
0.385963936209747
0.408473860327068
0.636516720683719
0.254121810433879
0.221703189727092
0.399450085556391
0.108871285215009
0.472625492909309
0.501128511865574
0.208630676829203
0.721175880172691
0.6337126771527
0.400067951466645
0.124548702690941
0.787466701066279
0.381731287146499
0.267790826509683
0.719738181338918
0.255881037968221
0.547969108823002
0.41156971617131
0.145701941024618
0.490167428779578
0.129586870341783
0.594542649871892
0.239389400180728
0.0876357720812274
0.519500809745363
0.435449248132364
0.053517226088931
0.176354242292031
0.500937334990027
0.189631463246235
0.117629700913322
0.701069241689105
0.416541924754485
0.306011800266066
0.24131587484971
0.12080226245433
0.280833405477126
0.0782200281544724
-0.0656500555743249
-0.162379811463663
0.200246348244217
0.132701043314975
0.0212170793539497
0.431726998688381
0.44051008377414
-0.0239290308954481
0.189116582239127
0.211406526774571
0.475694242883395
-3.78137995041814
-0.310441080541007
-0.280513023759339
-0.649761282423095
-0.538002822579541
-0.350089659131361
-4.30515455450613
0.0700218294451338
-3.84327727088095
-0.260599737582293
-0.120325728299962
0.229406173325487
-0.0785512750359296
-0.297728949541198
0.450461375302424
-0.0201459128923185
0.180008183202875
0.239310910630549
0.0319800241852246
0.290261331817435
0.0116382651200592
-0.119799056456879
0.0307415948302881
0.778088200518101
0.837314700843827
-3.87102219564524
-4.1332586543634
-4.50908815738901
-4.32422225065672
-4.32627607505595
-4.48307561534063
-0.034201416038102
-0.143690857848727
-4.30398995927905
0.474694980411682
0.58170325615907
-4.31238781904481
-4.45695595507021
-0.050327624927614
0.591458758898104
-4.22776203066725
-4.51757825542881
-4.40861557247851
-4.24347938905619
-3.93488332117286
-0.0519702493608023
0.337014345923138
-0.0700750562458559
0.0973406307867751
-0.0801255039187398
-0.127620427009841
-0.195232126092949
-0.421447102313162
-0.29886395890679
-0.0580269102933236
-0.184313289876811
-0.139106137033787
0.218108942642659
0.123608394399102
0.295913841180324
0.278750560828464
-0.399225422802238
-0.321590294899162
-0.413496902736874
-0.379487084785541
-0.230424290788253
-0.0203584525002044
-4.29085549010652
-0.207664105089651
-0.203367715898348
-0.0748149723077406
0.201422081677974
0.0050096398712087
-0.016766380846763
-0.347408570959991
-0.351720144659616
-0.433609545409997
-0.419010228024916
-0.164079519206072
-0.316107251610524
-0.282094039986844
-2.22262194966546
-3.00200834650717
-2.93316526646554
0.393969348224604
-0.328989022719063
-2.47571515894288
-2.35322634222431
-3.12529750428758
-0.0753073593583947
-3.30674698366469
-2.92304607517332
-3.22986368471234
-0.315853335305176
0.519370631954822
-0.12034186999792
-0.0155255585177357
-0.221730441881773
-0.187482327219613
0.0976901790385162
0.0511785507556488
0.411686710850041
0.394137117462681
0.115638441909409
0.102893766461965
-0.450296319357442
0.0698385711383957
0.114854808157591
-0.354978853267894
-0.206275092401472
-0.236475904720874
-0.142714263367947
0.0703675054297097
0.548997739613102
0.319711620444712
0.144845995946636
-0.200901690834813
-0.504684661157699
0.307206633983929
-0.458419857275146
0.16922170020827
0.307868182548496
0.173616331863158
-0.37855008314881
-0.475149356687268
-0.430406353800626
0.362515966248819
-0.0435101722686868
0.0942378570719796
0.208819025644462
-0.307225401957744
-0.455545416797236
0.507424905293377
-0.150926471852872
-0.0430140434767271
-0.151100941418404
0.00628487751852418
0.165555881444212
-0.343669092102554
-0.520534198733691
-0.442217029706108
0.038508666625698
-0.0583294257270249
-0.00420657352499062
0.320624909883634
0.280293550522234
-0.0896269163179468
-0.14331411670959
0.117456884675344
-0.098688848148217
-0.377151716107366
-0.42218648779861
0.0524456957996753
-0.0907627523473162
-0.0813212513176198
0.165136458349018
0.299144617254669
0.252975836896089
0.224761193072079
0.269023643252661
0.47733765047174
0.496993974740051
-0.630016374604804
-0.358456018656356
0.33153117210864
0.120806047704256
0.171116239550294
-0.221056493360555
-0.00809593957775326
-0.00830386727193684
-0.206933986940228
-0.0542246049888475
-0.0792100390488263
-0.00420222266300729
0.556171614885704
0.541855495107119
-0.54512283418079
0.434735489223998
-0.0743409894032761
-0.128230635403004
-0.316553171455196
-0.138715864713882
-0.13901137525979
-4.37206158798242
-0.19252963168062
-0.0909999613426476
-0.0313427691891914
-0.0479533160346883
0.0482327996498319
-0.0618773796399553
0.249813456372121
-0.393352629297132
-4.00836146150257
-4.32477354837863
-4.47733909083284
0.0427020274052363
-4.37254862347284
-4.29852044717118
-0.013520942367534
-0.22387994173602
0.62902618967597
0.569620216293432
0.235229715072941
-0.0369728716128665
0.144749363301986
0.0927158820415892
-0.249212966159847
-0.362508019930056
0.119086021436384
-4.40274421475786
-4.06802818204377
-0.0326287099569859
0.166789611868206
0.218352764948205
0.3611477071723
-0.154089635531996
0.327220903667609
-0.00147423219945625
0.0433393416685552
-0.168874821741005
-0.0379416780506957
-0.20017936072834
-0.0923745726776625
0.0346605032359176
-0.0125145444821688
-0.017047577056746
-0.11357201576909
0.000648988448411215
0.0346357468312324
-0.0636847277078326
-0.0653866108812339
0.247596170088174
0.242243130555598
-0.0927094150158999
-0.146803551528844
0.0709525658406088
-2.68893785216018
-2.7251233621549
-3.32680471845959
-3.15633185474575
-0.612173315576667
-0.790434961887215
-0.410195903750118
-0.468555886403242
-0.402780251077102
-3.09254247493224
-2.96323011434796
-2.82608250396099
-2.87215299834737
-0.601733813825234
-3.05862385104808
-0.279461115857629
-0.38158124167536
-0.148742121594139
0.206025641725301
0.157908284318864
-0.116981220693372
0.421747383048586
0.111616070005816
0.0437082077475023
0.033511658129218
0.0456486051748301
0.232889560446585
0.00935345345813067
0.36796450720193
0.104541263860575
0.429977386559023
-0.0694824688437256
0.352569721720436
0.459009035246264
-0.0820499336825887
0.387290905606044
0.114760873047371
0.0328928785379481
0.127971177744271
0.136752870554195
0.131064075002365
0.189800320199809
0.296220098355331
0.612696403954258
0.288537302756538
0.115765487079323
0.0360230626832386
0.133176766564233
0.331336514543505
0.47861428039489
0.20346985837905
-0.0825059475270621
0.539661050848584
-0.129001564637831
0.454296660140733
0.640515815475702
0.230882638339532
0.418614718911965
0.450569668257189
0.443874692363092
0.476598961124209
0.248963080397479
0.380903057059352
0.0338024697441841
0.48370270050164
0.0061669691587758
-0.309864199750636
-0.212399539763693
0.157702183986713
0.543983110125589
0.408251270228
0.265267326559349
0.157691915952433
0.92152693978987
-3.71574019251174
0.702863885239991
0.3521249766085
0.017630576803847
0.0953174364559045
0.64237785387871
0.0291993447830553
0.166605396371832
0.639041786944368
0.381778842067977
-3.87118726734889
-3.90072496479341
0.0254683501064861
0.490769022466014
-3.99407462302514
0.529701666717011
0.353015859108207
0.170345397332706
-3.88425029536765
0.4022308519758
0.392025644142169
0.734210018467887
0.991504724636756
0.893346885318628
0.880253009688401
0.987774904692922
-4.08048191535039
-3.95604935104076
0.114841668554401
0.601356230263654
0.590854815746197
0.530903287779569
0.239505698721543
0.466065611279795
0.503438863087345
0.750042065578706
0.49742501463674
0.864224434141795
0.111894829733088
0.558269208956489
0.213877598838006
0.214718750985244
0.390856872087586
0.459258687706867
-4.00488721119164
0.154899750274628
0.343466674244423
-3.79374901595056
0.513693757764826
0.469651113131642
0.434823159092962
-0.289450956023085
0.538076205862534
0.431942148813457
0.539946945989509
0.385560785338371
0.49008863466906
0.685994897192684
0.450495660094852
0.0342890701484003
0.212017996917709
-0.0341322373325669
0.315159052499829
-0.0517832928213784
0.417779266393925
0.599534350316752
0.54658579576402
-0.420346464757238
-0.276765582824473
-0.344685148901522
-0.541549906320075
0.584789844667288
0.28764663779993
0.499020997829467
-2.85692998489698
-3.13471629381772
-3.10352539934539
0.233606843553157
0.434739361491163
0.42502823754436
-0.207912887377858
-0.265748591161991
-0.170169333706907
0.610564090004845
0.585162147927202
0.501169061899259
0.572379750506362
0.435526345406709
0.439428938079901
0.469332281965503
0.135123516250056
0.125137069756947
0.673951841748672
0.630006351863576
0.53528386615025
-0.0704878660308347
0.152861197400956
0.166095649381864
0.593591203373376
0.490881231196564
0.307950196296881
0.207632763124705
0.260076487161511
0.0956196038206471
0.0934400830187153
0.119049952790542
0.351295006176559
-0.0490911534605701
0.226696064904687
0.023394903319708
-0.0555376516267982
0.425269101263757
0.030600365850309
-0.0296283555332781
0.178523408042442
0.393943243052704
0.312597613033
0.335025262350216
0.14277737861666
0.0600992100973202
-0.0601691006994384
0.302589238195495
0.353612753863701
-0.0520589634366425
0.162338201464436
-0.030711067537831
0.146087296870482
0.0984055042571963
0.507734686666591
0.533929834392416
0.160693532126116
0.339776664687737
0.395203992329615
0.120516715382364
-0.0319153861348181
0.467779763883989
0.336780922177732
0.0358794842377885
0.157880047224592
-0.0949547643596396
0.0487865338544509
-0.159196155224597
0.078120915518492
0.52222719038998
0.452597300467282
0.450286818719652
-0.106194389629809
0.276476887373213
-0.15411730701421
0.182569840212803
0.184224168464727
0.544076218572032
0.0904907206974522
0.383322005796226
0.0927863224970994
0.487580275718428
0.356164186347968
-0.232073485023036
0.327788299578856
0.33139259715447
0.47633777887935
-0.157598997299135
0.399586354553709
0.443425683406412
-0.0254102818576745
-0.144354625352904
0.437758033043821
0.254784881800139
0.508415204989404
-3.85738689874981
0.363773104310284
0.307363526067048
0.212686985456266
-3.82572537153674
0.636698108119805
0.0419568552733505
0.567079660964123
-3.88030615196252
0.250723526173176
0.310902995799111
0.185990183343762
0.289904561134801
0.247904559185553
0.170563419026691
0.435357618978995
0.174756040159692
-3.81728635261662
-3.83846465191533
0.379880691510507
-3.72201657197441
0.449379098384069
0.326857650200621
0.650859337211783
0.584185553446423
0.457681891815487
0.272336259040913
0.0685924407577487
0.0769629336016274
0.616137979291696
0.576697458921384
0.452634674371719
0.41883539463176
0.543354584603477
0.525885612688668
-4.01379803758523
0.352572332237626
0.358354584304859
0.424994605381228
-3.94107781741301
0.0179566739094979
0.0220883829747323
0.643649915396777
0.06583773600162
0.195570563887967
0.753382961969849
0.00990383749902255
-3.87591343468691
0.369166258790347
-0.0344075163702525
0.440336266837906
-4.0020587593249
0.270238360409788
0.309986095144743
0.595354912295561
0.67307540411075
0.614406771308527
0.614145328011948
0.376842354061685
0.34590855202395
0.466002958867235
0.543406838455896
0.428794648237473
0.554221384510294
0.479559983755588
-0.219550398976403
-0.130323965629046
-0.17510556066148
-0.0339211770177554
-0.174441749648682
-0.162473006927346
0.30668444352869
0.350295395635887
-0.167193039549967
0.149561938758993
-0.100644952187305
0.137741255870949
-0.248873555416527
-0.211432865248236
-0.353064343469367
-0.312244730376198
-0.0781407712078019
0.212786228618106
-0.204657267881588
0.22518366177066
-0.0873759543622486
0.244817318048038
-0.045014178239086
0.146169658687826
-0.317156766538144
0.120119438174666
-0.0618766835020379
-0.0987516745952564
-0.094702718924945
-0.220815499115298
-0.302630195565424
0.268373015351673
0.228952508946485
-0.401940621731558
-0.386211080929066
0.0924835025030593
0.190774347672018
-0.0324172580645958
-0.356492344117417
-0.257748835267713
0.0994065070737022
-0.0612865760912382
-0.259345819158696
0.187214211345534
0.238716104288807
0.101691275227011
0.149531047638911
0.00557316351529024
-0.0139641646777763
0.0308600688020943
0.42889206403728
0.298974237499402
0.246383019241361
0.35575638005427
0.386091372957239
0.194373598247732
0.191997723044492
0.0206609086666199
-0.225385383490874
0.285920389799422
0.344536116119927
-0.176997097908734
-0.331683119967764
0.163128622560949
0.396010468106846
0.186475478489384
-0.0912153725194425
-0.464620053144498
0.218788764827555
0.245407860545036
0.174326740607797
0.333716697100108
0.152076040847443
-0.0627726565102661
-0.129007568827368
-0.346159960588013
0.256405447363072
0.142272591609353
0.104698852081611
0.257172112753156
0.244424391702323
0.302667031607757
-0.0948608292494194
-0.0759336224322759
0.122842816724515
0.0633975550582666
-0.146630082661569
0.112614027218934
0.209313153039909
0.423168809658542
0.374575554968368
0.14193653102976
0.0611533369386426
0.16501058791184
0.0858922946672654
-4.14940161407155
-4.29303209583093
0.206139416766165
-0.128649449377519
-0.19315637334932
-0.201853354876428
0.224989134731386
0.146271599384096
0.0941511443926517
-4.01517456329952
-3.82434179742604
0.352932409575367
0.316286447856951
0.335693424224997
0.192943992017247
0.242998527213144
0.179319398242293
0.220697183419305
0.399891219452882
0.32364131898806
0.194014086522049
0.203116046282566
0.0172849878365107
-0.0953489524553297
-0.193369435060644
0.206978262956552
0.331132807185445
0.426701230994192
0.152609064949021
-0.136310316631916
-0.166711094568073
0.169151651330339
-0.189221366754352
-4.19382935349888
0.217278189055561
0.281772103950031
0.241085105130113
0.131875815322596
0.369613005298796
-0.218134454452547
0.000360526298916106
-0.0177715604907729
0.15453893329035
0.140464677929418
0.299945132350983
0.368686793799783
0.290935889459331
-0.0390795589851973
-0.0724159070101297
0.132624294109589
-0.174464113079276
0.0369098118640621
-0.124097185992976
0.195855284296156
0.330954726404468
0.273887210812112
0.167208512859961
-0.13226275323744
0.0266962938840427
-0.0290074440196363
-0.229321347275478
-0.100146778490213
-0.101874549292415
0.353240494112407
0.387658335900537
0.330477132284557
0.48701318436752
0.42750566186629
-0.159178490724945
0.26502672389167
0.157208013082646
-0.491114583683396
-0.406406694540211
-0.21965312282783
0.040671436608994
0.305325451788195
-0.484797697695652
0.441384215455212
0.0559084163263521
-0.0388637562308239
0.222366478636451
-0.30439895148751
-0.423563883685294
-0.400183091033389
-0.304626327534759
-0.318139191173981
0.281387357224844
-0.0279468343939588
0.11050037846743
0.22226492951776
-0.000617112388739263
0.166791656773338
0.00751221217540314
-0.00457535258669809
-0.0620599853173958
0.119895760360103
0.224473818638079
-0.0584675655949958
0.025982970061875
0.14308785612779
0.105497626833132
0.059161729865771
0.105323809896897
0.153052156733404
0.0403356805897401
0.170441812434257
0.243118828546984
0.239305994156508
0.0599735136946216
0.0366595067741608
-0.228619031134128
0.0774185558685222
-0.0873623361642407
-0.229144049649657
-0.0907938175018772
-0.155048260952785
-0.30272804645143
-0.462451148445805
-0.147028056007184
-0.243539746693917
-0.358829279105906
-0.168793373604677
0.334007160646116
0.306045388920577
0.041523857488769
0.117157023267453
-0.036630719826497
-0.129079271032853
-0.170419377745089
-0.0904618902411686
-0.0148282023590468
0.131828826013176
-0.18525355466003
-0.326730751315233
-0.168761829855298
-0.346564982330042
0.125160738446136
-0.208015959298244
-0.0404084862693871
-0.32340264645832
0.147572637642972
0.23772328109283
-0.145671022154582
-0.209227674360602
0.346390758057563
0.249617363022533
0.133975628332993
0.47676842719846
0.364326838514903
-0.133332456164662
0.306701759959383
0.196604589746926
0.10670942891273
0.334100530144278
-0.256959762938415
-0.128116164224222
0.010265307112598
-0.209669634920869
0.156809691668072
0.178950880232305
-0.297187267224272
0.0388475117569602
0.138161157560961
0.35694446993606
-0.0319088163332233
-0.240687234560403
0.0575932006121589
-0.274241256210362
-0.221649472340263
0.103083594570298
0.293467830081913
0.20035002928528
-0.357751527084014
0.106441459323176
0.10656841747585
0.150410226319884
0.0221667419990522
-0.127504476537985
0.0567759782058291
0.109105405098333
0.00744842853872745
0.157989993506911
0.19684371312153
-0.243284655655834
0.146516117827559
0.171162793773515
0.315931852605309
0.0432715552388548
-4.14150767114071
-0.247313466835163
-0.047843500278229
-4.09780443725084
-4.16147490800635
-4.1311281242674
-0.172775674069404
0.0168740054135648
0.432214904351193
0.0883325191192387
-0.119479007049385
0.0335772256193068
-4.04741914952697
-4.11097854277604
-4.19949191335295
-4.11844240299983
-4.08019140829577
-4.10949676971038
0.11771132308413
0.0204127790077104
-0.0255254926829932
0.0525518568320687
0.00340743494584559
0.0355425534857991
0.15648120158833
0.188010288562625
0.21460741242709
0.0696010575827255
0.103797701547623
0.242271063089531
0.182139713997131
0.229049054573895
0.0234015601385425
0.174909886639423
0.0779597595906293
0.121514237509283
-0.0803142443115769
0.0845921700894053
-0.11300810054743
0.0889776214255078
-0.0978049270276827
0.150360800527753
0.234939730121752
0.110674543472622
0.575899380307781
0.646630386381221
0.302549558334207
0.246996447272391
0.28045139979499
0.158747087000631
0.207820415802047
0.292416835861218
0.293347354713594
0.0228922047261535
0.0474362438379229
0.196084270162339
0.0840861648407434
-0.0337068100478364
0.183733913336445
0.333793750865833
0.184649552240837
-4.14908456675882
-4.29942103209311
-4.17479968388203
-4.25273545634815
-0.193859429137207
-0.368538053587239
-0.0260850570426699
0.0959612335035786
0.120292297921264
-4.27353662293014
0.00753235666638599
-0.0234861566541644
0.131473839183955
0.130636211234924
-0.0864398228979142
-0.13362548671924
0.267293479476368
-0.110397757391909
-0.104278400538207
0.131640433689297
0.170554064673427
0.240482641271281
0.143778207398686
0.150879031698588
0.171703953987003
0.238583228963836
0.253423453576934
0.168549796592184
0.391361441551793
0.233993417640377
0.112991856073567
0.3575605519929
0.198804168022601
0.174674026411306
0.353993889373441
0.154982460160931
0.110167624542944
0.112216793519855
0.107451816492946
0.38858694037364
0.200253048571672
0.267335552311747
0.32564911126751
0.25677418291616
0.0988491181450172
0.0163595594926553
0.255510736104819
0.414075290570273
0.2405925875536
0.340300160401572
0.112878516118901
0.537432104254521
0.468335151416162
0.398657837097846
0.339626037845874
0.103638547016272
0.291384376312573
0.239680385830174
0.070513389832011
-0.00855787059452393
0.197855680110234
0.179170163676265
0.0734471325587539
0.328577589451253
0.102547394339472
0.0288389628849757
0.00673719313031168
0.037540599834406
-0.0230970155583749
-0.0465188368387828
0.023077420920784
0.400545023483117
0.25067266459659
0.346304306429954
0.294616675188613
0.0269211464313415
0.592765496786179
0.472756105786049
0.162546868805157
0.275345750274786
-0.00339731319609031
0.0340064816625827
0.25264129911819
-0.0247536497671496
0.118943748249529
0.0756011138008436
0.297188121638003
0.136939957619479
0.0949483093252384
0.347392195960267
-0.12898098506065
0.217150795816689
0.317608587796447
0.15445800725746
0.0301820739792312
0.343897540106633
0.453615880766201
0.391429271490113
0.4890339857243
0.185172917428813
-0.0633916101360153
0.121155073852559
0.0488366122758791
-0.0208615861799573
-0.0309985724976897
-0.247111282278797
-0.174357516960685
-0.0977246101154703
0.475361750010628
0.0158559472180843
0.401420721474503
0.545188690472551
0.497054451721619
0.560510511998585
0.245730955555919
0.287195888498456
0.236449044143771
0.294954389095759
0.344725378616202
0.330169395816476
0.269657346300534
0.354574424887878
0.314241064129966
0.122434966922197
0.327163733341148
0.333962607819407
0.0905323584466327
0.251164442526567
0.229533087969541
0.298581311153687
0.13221135379875
0.124256237748421
-4.12431293405671
0.348946541403814
-3.95268639577937
0.474912741053948
0.393957513880009
-4.08151894330412
-4.24088501356414
-0.034312101966958
-4.03427715336321
0.29234848381946
0.410087072933249
0.306528291092108
0.619975657104096
0.253803631897038
0.23225642301077
0.135669375394485
0.0126420959968542
-4.14876042754107
-0.0795997022480538
0.10045911111333
0.216687864101662
-4.07792434815073
0.215106021210381
-0.0505366403372935
-0.12292384553331
0.619850787365175
0.462153577236099
-0.197627928244073
0.0203943748615208
-0.0412578615457738
0.245280989409602
0.336192468094486
0.29643955583377
0.263748049063388
0.1437222988222
0.695167340917331
0.694631184195125
0.178180299066436
0.186585729332041
0.307249446465845
0.267716731330107
0.245408861243292
0.595548656179679
0.228912742067957
0.526862033134968
-0.0563469119556985
0.389472166752769
0.419378860802098
0.233087655192686
-0.201231138104191
0.0380560899621915
0.0699438184897726
0.142797436090403
0.144431054239286
0.228063758369149
0.311674316611517
0.237674246878278
0.259041373587056
0.209073377036007
0.231111754731574
0.343291378015115
0.719378974173574
0.833835229498514
0.122272070649541
0.25745809491132
0.431534386028379
-4.04644024908934
0.159894104745298
0.0600868536492875
0.341866253172473
0.273134033094177
0.204353257396147
-0.14042649311987
0.167085078905494
0.194403575686797
0.0215109800809239
0.238281409668052
0.181502138682093
-3.9341827453763
-0.0024009658019066
0.085240230981823
0.331755154483542
0.259749563392083
0.135469888372549
0.261947227288486
0.284584544644678
-3.97631336020229
-4.20297625766368
-0.127825918221314
-0.0334949665778679
0.241982078836598
0.262183087516602
-0.0622463327361421
0.292035091230801
0.118867216587242
0.191706780903666
0.182647503099206
0.0634385401781496
-0.0887475200938751
-0.132154112213716
0.438560810588366
0.549453318371377
0.536668702010925
0.512962551899907
0.320246080330745
0.371434493668119
0.43892258476228
-0.108043288429627
0.206030601707962
0.0557521333639107
0.352762769466637
0.225050351359491
0.394343913932749
0.145846346133845
0.0883102862145038
0.184524987062255
0.303076099651431
0.175667676271061
0.257902491954298
0.0278927809294598
0.0247375358191453
0.352960646669639
-0.416396447688428
-2.82026039799799
0.414967652363055
0.370190451701224
0.339620947337353
0.273815943692825
0.274832435577992
-2.61708789140186
-3.05033241336643
-0.244803585082837
0.372603961860619
-0.36759783231264
-0.303487880988199
-0.291368293881901
-0.224406178492904
0.206871144734522
0.101148722737689
0.359575479686002
0.0911191156937052
-0.014504150158528
-0.272211622603756
-0.301547483560872
-0.363404341007242
-0.278704326924247
0.303019712480127
0.399994944002564
-2.55912166175823
0.325139755855121
0.32421576329572
-0.22216992245071
-2.33703252093957
-2.91207311423411
-3.10586846904928
-2.79182020548877
0.0871223703671939
-3.09656310649104
0.0308120352857983
0.284699624944138
0.288266766158414
0.0872738238728338
0.0599443629193333
0.00086218068559463
-0.167399836020035
-0.114015020536233
0.0373464643727096
0.142688838575299
0.102337378231536
-0.242467389740885
-0.0824135787271559
-0.0832718297619885
0.214517349584035
0.0513018976928764
-0.0150493566736597
0.218250389165737
0.149207387015971
0.0757445617204341
0.235440905913612
0.305077757215484
-0.155467684047978
-0.0452354195709386
0.167951814121194
0.104476305491163
-0.0191250266365488
0.193434638723108
-0.228337008260368
-0.0618209054514116
0.0557959030354631
0.20228477059203
0.124827723469932
0.0332519986860525
0.109752639326974
0.139492564836481
0.0368131357107924
0.067937592520637
0.310061016988096
0.17977201841442
0.0818140141871864
-0.121592916852608
0.254754773835215
0.146247234556989
-0.00894348749210691
0.0543521129949132
-0.203216610461666
0.0711536191728587
-0.147990423169278
0.248154646732355
0.219320179110199
0.285184223951841
0.0960440304071214
0.280176207774544
0.0854581656585683
0.242747090899128
0.102503929228258
-0.108266574666612
0.094826485189705
0.103154426603387
0.0104581373156994
0.141416864074471
-0.0619218019408051
-0.0594153573694455
0.0855171633470623
0.119676433407523
0.0300354499303928
0.298244902505135
0.344387099096998
0.199122303050823
0.380931859765681
0.234245985178509
0.394617626660121
-0.138733703248014
-0.0127115515127742
0.26112378314952
-0.0385833431759979
-0.014513548020412
0.221601074996343
-0.0903344099850569
0.00772953773147073
0.218967193677491
0.0475650728612495
0.312394688830098
0.0982791552252003
0.211578298805673
0.160153285593645
-0.0126955403406755
-0.151376742559528
0.257784931663508
0.376745329839457
0.204187097977003
0.012097281059301
0.120864131711733
-0.0681043768191241
-0.190564738900327
-0.301587424473879
-0.0381064887026244
0.0742271115865064
-0.30466265723232
0.095419377152174
0.18962241345331
0.337230931832668
0.137077444858152
-0.243073421306544
-0.264164442313859
-0.059753854431749
-0.320076151420342
0.109140516554538
0.0880905241757256
-0.191178863069274
-0.0770487483586047
-0.0246461834761612
-0.00673090013910174
-0.095571063959579
-0.291458356724956
0.0515117832749524
0.150277786081111
0.104481091439345
0.499751377030609
-0.154000964964776
0.00229361427811184
0.250342782241014
0.0655382226626872
-0.251705357447001
