1 1 40.2 -0.0639771056331127
2 2 26 0.0274420751366062
3 3 29.5 0.0852473228868559
4 4 44.5 0.00696478672065994
5 5 40 0.0118568959347218
6 6 29.4 0.00238933324174521
7 7 32.7 0.507339367346785
8 8 31.1 0.109615935243457
9 9 35.1 0.413828292135479
10 10 43.4 0.0559766378422508
11 11 28.3 0.227537869681223
12 12 37 0.140328147880381
13 13 42.3 0.238700528202907
14 14 41.1 0.207445153955984
15 15 33 0.365241694264139
16 16 31.7 0.224049305034365
17 17 37.2 0.381439909919475
18 18 28.6 0.168282392614688
19 19 38.1 0.21232573338579
20 20 38.5 0.195651446412237
21 21 39.2 0.440248683986181
22 22 34.7 0.227895292993154
23 23 38.3 0.26711809622982
24 24 37.7 0.259453313199638
25 25 41.2 0.269499845096737
26 26 31.9 0.172610151520892
27 27 23.4 0.202039773553748
28 28 37.1 0.00491801071783966
29 29 44.6 0.00874150472017461
30 30 41.1 0.263844507673559
31 31 34 0.228383459707684
32 32 33 0.262030111209268
33 33 38.9 -0.067051207167438
34 34 34.3 0.136709144391263
35 35 36.9 0.260563827212264
36 36 32.9 0.145679098999205
37 37 43.1 0.179345111836615
38 38 39.1 0.284321970123984
39 39 42.1 0.193489459584098
40 40 31.2 0.214511954515176
41 41 50.4 0.342661764777506
42 42 39.1 0.244721599084405
43 43 43 0.672114733784829
44 44 36.6 0.755850422817838
45 45 38.4 0.401773619889971
46 46 33.2 0.533841729437253
47 47 38.6 0.735957977269691
48 48 36.3 0.618008936961769
49 49 44.4 0.778291168229624
50 50 37.3 0.741715864509817
51 51 38.3 0.95592655146629
52 52 37.5 0.606011870128922
53 53 45.5 0.8069060913561
54 54 30.1 0.625315644050723
55 55 37.9 0.519707475689572
56 56 33.3 0.512409252781486
57 57 35.3 0.554127710451792
58 58 40.9 0.76063806783568
59 59 37.5 0.648974326257503
60 60 45.2 0.690710448427462
61 61 43.5 0.67120074820799
62 62 45.2 0.671266837801517
63 63 35.7 0.817582889120105
64 64 51.4 -0.0774049969378001
65 65 42.3 0.304909857451547
66 66 27.8 0.179645799908283
67 67 40.4 -0.0466625893187122
68 68 52 -0.0663686004308726
69 69 48.5 0.122978563618395
70 70 40.5 0.110204780904282
71 71 46 0.0718558047883491
72 72 43.8 0.151097662513251
73 73 32 0.0194823036639543
74 74 46 0.0327113605760033
75 75 47.5 0.0404761699231819
76 76 36.4 0.089994722431352
77 77 44.3 0.0919800207543477
78 78 41.2 -0.00200503736142312
79 79 47.7 0.0983409374653636
80 80 39.3 0.19215753020514
81 81 39.6 0.0983714805164866
82 82 44 0.234700693764388
83 83 42.9 0.0582550537370638
84 84 46 0.212833435470625
85 85 46.4 -0.0891984869384478
86 86 39.2 -0.0546231874551408
87 87 47.2 0.0296468744466612
88 88 52.6 0.0395057101577991
89 89 47.2 0.0442516739178407
90 90 42.7 -0.114487480639004
91 91 39.3 0.232097355496659
92 92 55.4 0.0346946575024868
93 93 41.6 -0.0489857755833337
94 94 46.5 -0.0908826621035769
95 95 43.8 0.0597302134925136
96 96 45.5 0.567418419078145
97 97 22.5 0.559329557530448
98 98 46.9 0.602839700165492
99 99 42.5 0.544198303759285
100 100 22.5 0.57119231325387
101 101 49.2 0.57931706941293
102 102 46.1 0.506829185270619
103 103 38 0.697163733938384
104 104 47.3 0.774859208297169
105 105 40.6 0.49560779011216
106 106 44 0.673288726873792
107 107 43.5 0.52081751110738
108 108 50.8 0.82184499351898
109 109 44.3 0.645228060055373
110 110 44.3 0.615689535947073
111 111 42.2 0.65956184433361
112 112 44.2 0.555092992691415
113 113 44.5 0.170909530097466
114 114 44.9 0.542627468548822
115 115 49.2 0.52252748688407
116 116 43 0.550790642819194
117 117 42.6 0.626173547016597
118 118 47.5 0.476019426308029
119 119 50.6 0.56294486278688
120 120 37.3 0.663335085880038
121 121 48.1 0.619725352014195
122 122 50.2 0.630838367200649
123 123 51.6 0.590641362457295
124 124 40.7 0.720232178208506
125 125 45.3 0.736082150870696
126 126 50.6 0.04205357493524
127 127 35.2 -0.0399592597696078
128 128 39.3 0.168914877421206
129 129 52 0.0464228410647645
130 130 54 -0.0345049756786792
131 131 47.3 0.064377543211393
132 132 30.4 0.638693543951222
133 133 30.5 0.558245148689722
134 134 47.4 -0.0217091776029307
135 135 34.6 -0.199057012371119
136 136 36.3 0.130407007825642
137 137 49.1 0.10832294607925
138 138 36.1 0.662280959038715
139 139 36 0.140634144003669
140 140 45.1 0.112705177777485
141 141 48.6 0.192729494521469
142 142 34.3 0.12192243538056
143 143 31.1 0.104340602105903
144 144 37.8 0.0429678215637982
145 145 43.8 0.712812000639027
146 146 34.8 0.522841097015829
147 147 38.2 0.472412735758324
148 148 47 0.446612689809205
149 149 37.6 0.623082085542958
150 150 45.6 0.860140105963559
151 151 39.6 -0.156405555857106
152 152 45.4 0.849811986278899
153 153 51.2 0.307285819672026
154 154 46.6 0.601114148302901
155 155 28.4 0.750625429153431
156 156 33.6 0.842501711483119
157 157 48 0.498906700685164
158 158 40 0.444417244852414
159 159 42.8 0.704724400841305
160 160 44.8 0.734345504310048
161 161 42.8 -0.255058610286177
162 162 41.6 0.740199371565526
163 163 43 0.483125515150931
164 164 41.4 -0.202882681804445
165 165 31.8 0.913384910708737
166 166 39.4 0.870995071525782
167 167 37 -0.209223715076197
168 168 30 -0.00524112148738801
169 169 36.4 0.537036045288178
170 170 34.8 0.54508200733672
171 171 29.6 0.715031201302247
172 172 40.8 0.610052689687324
173 173 40 0.924514850748306
174 174 27 -0.0807985822675617
175 175 48.2 -0.162263556431468
176 176 34.6 0.680480005594328
177 177 49.4 0.253860367137301
178 178 37.6 0.777565792519762
179 179 36 0.649162849107241
180 180 41.6 0.699848128764862
181 181 46 0.718235741678833
182 182 39.4 0.331930059135272
183 183 47.2 0.626199173593679
184 184 42.8 0.453370405133101
185 185 36 0.749872512487215
186 186 43.8 0.829196514486362
187 187 46.8 0.531104123568719
188 188 44.8 0.591236690902475
189 189 30.8 0.648390919174158
190 190 40.8 0.533883889289872
191 191 36.2 0.442482764597384
192 192 39.6 0.606453700163329
193 193 50.6 0.491129447872713
194 194 36 0.691819004552196
195 195 41 0.58435850021026
196 196 31.2 0.680890944508654
197 197 31.2 0.612870438433591
198 198 33.2 0.850102754385245
199 199 44 0.616628582488937
200 200 47.4 0.792699700316735
201 201 33.4 0.436329122951254
202 202 39.4 0.624290972545028
203 203 36 0.839069708042045
204 204 36.8 0.669688301565343
205 205 32.2 0.935482242584178
206 206 43.4 0.934629560652684
207 207 42.8 0.770295502145609
208 208 48.2 0.597751062515643
209 209 34.6 0.603211046235769
210 210 41.6 -0.206821734701058
211 211 50.6 -0.165072690471008
212 212 32.8 0.555174179776024
213 213 43.4 -0.0278144376638059
214 214 42.4 0.755217459416502
215 215 45.6 0.837709541568815
216 216 53.4 0.647347495453315
217 217 43.2 0.801346777456894
218 218 48.2 0.68534857664506
219 219 28.2 0.707677374378014
220 220 41.6 0.680228395245831
221 221 35.2 0.591729948125525
222 222 36.6 0.503462923354113
223 223 40 0.360793111920658
224 224 48.4 0.583271045766145
225 225 43 0.627086662421039
226 226 40 0.403880481296782
227 227 34.2 0.62705524919752
228 228 41.4 0.520582129474081
229 229 42.2 0.291550666257576
230 230 36 0.499701342117801
231 231 48.8 0.833644183148826
232 232 31.4 0.534101388880419
233 233 36.8 0.710499038900066
234 234 35.8 -0.0961090480438184
235 235 43.4 0.551372048506027
236 236 48.4 0.25159961574214
237 237 29.8 0.418115849076956
238 238 48.4 0.696508407106454
239 239 36.6 0.503884434863058
240 240 35.6 0.786498242697408
241 241 34 0.74910097413171
242 242 36.4 0.690888224648101
243 243 46.2 0.675501009666459
244 244 38.2 0.795746870015383
245 245 45.2 0.58902388600637
246 246 41.4 0.415061848524994
247 247 46.6 0.497940417747286
248 248 47.4 0.428964201328964
249 249 48.6 0.809448038961244
250 250 41.4 0.673724422192803
251 251 44.8 0.44119678032097
252 252 33 0.438367719333546
253 253 30.2 0.509856515038624
254 254 45 0.852943867260363
255 255 32 0.699720126405313
256 256 44.6 0.432020377311918
257 257 41.8 0.717655336690256
258 258 38.6 0.625128992071638
259 259 39 0.835897190009656
260 260 37 0.768877947802819
261 261 48.6 0.524436384070639
262 262 44.8 0.616782080899709
263 263 44.8 0.692934870125062
264 264 44.4 0.459772568015719
265 265 42 0.556940760267118
266 266 48.8 0.579439111091563
267 267 44 0.365264536289551
268 268 47.2 0.519633989630673
269 269 45 0.660932061298022
270 270 44.2 0.584769178072867
271 271 34.8 0.303594374330885
272 272 37.8 0.426679128615316
273 273 40.8 0.320399926810475
274 274 37 0.752255044509289
275 275 50.8 0.433136677970982
276 276 43 0.624837005723936
277 277 42.6 0.596518941910582
278 278 37.2 0.436876504897377
279 279 36.8 0.609298859340091
280 280 38.6 0.585495989567183
281 281 38.2 -3.7529520273397
282 282 36.8 0.628392530136717
283 283 33.4 0.566140309861921
284 284 37.8 0.69835800204419
285 285 34.8 0.721242056783458
286 286 42.8 0.648173463092231
287 287 33.2 0.666883387861927
288 288 34 0.727289189328235
289 289 33.8 0.497905523834179
290 290 32.2 0.655744789607011
291 291 23.6 0.845266031644231
292 292 33 0.52535498156118
293 293 30 0.694862693561258
294 294 28.2 0.817242869256108
295 295 44.4 0.508345286637332
296 296 39.2 0.675540297950168
297 297 42.2 0.494820632162135
298 298 37.2 0.62939710066005
299 299 31.8 0.359516133928549
300 300 38 0.476739145897312
301 301 40.8 0.685896567711861
302 302 44 0.635744921276496
303 303 43.4 0.808032616540825
304 304 42.8 0.784183192544695
305 305 39 0.697038777182223
306 306 39 0.630471850587173
307 307 33 0.77970180470186
308 308 34.6 0.628744427853929
309 309 32.6 0.650000868633851
310 310 34.8 0.877968241535092
311 311 34 0.724915924642186
312 312 32.6 0.845617233223526
313 313 32 0.680690108719503
314 314 39 0.580948381604962
315 315 33.2 -3.80192650455686
316 316 31.8 -3.68422006831313
317 317 30.6 0.58969491945006
318 318 41.8 0.907754373198863
319 319 34.8 0.5203476615218
320 320 29 0.291678451074027
321 321 39.4 0.790400226249922
322 322 39.8 1.06381613781702
323 323 39.2 0.765247196986346
324 324 33.6 0.591824709899522
325 325 37.2 0.0743074284987187
326 326 29.2 0.695884972092862
327 327 32.8 0.768727103417857
328 328 29 0.709865988481491
329 329 39.4 0.433810974561159
330 330 39.6 0.72686232625905
331 331 28 0.740558926799829
332 332 33.8 0.443942913878991
333 333 34.4 0.590221417258664
334 334 36.2 0.812623472071161
335 335 32.4 0.61850493522787
336 336 35.4 0.47398283132225
337 337 29.6 0.370629192623623
338 338 28.8 0.704508380543832
339 339 32.6 0.815694179933139
340 340 35 0.52390614452073
341 341 23 0.629844717340895
342 342 36.8 0.574794652941592
343 343 34.6 0.855269446499075
344 344 32.4 0.789165277584573
345 345 31.6 1.00032949098031
346 346 36.8 0.501239676389248
347 347 36.6 0.559320855806481
348 348 44 0.735628355965834
349 349 38.6 0.889729187088105
350 350 40.2 0.95657400323803
351 351 33.6 0.759294869724185
352 352 28 0.40411320890427
353 353 29 0.867010508612824
354 354 34.4 0.796925736069768
355 355 33.4 0.893124773814379
356 356 33.2 0.720320196146429
357 357 34.8 0.717595816898324
358 358 38 0.738901117858318
359 359 34.6 0.888600573489628
360 360 36.4 0.944130494457073
361 361 32.4 1.05890362306026
362 362 42.6 0.91175751429249
363 363 32.8 0.819946668927031
364 364 28.2 1.05665200847526
365 365 30.8 1.14167015758648
366 366 39.6 0.772744950424987
367 367 36.2 1.18486934411558
368 368 31 0.269942066708723
369 369 25.4 0.465076051230305
370 370 24.4 0.833147532253428
371 371 22.2 0.598100349715665
372 372 31.2 0.728110936631028
373 373 30.2 0.598615143705533
374 374 23.8 0.817501049406199
375 375 27.8 0.584033534328725
376 376 21.4 0.681625239485581
377 377 24.6 0.503029359957474
378 378 29.6 0.328626232088226
379 379 32.8 0.611592372725987
380 380 29.2 0.534085899811758
381 381 47.6 0.512563142769836
382 382 33.2 0.531016018613557
383 383 33.2 0.707177808405088
384 384 36.6 0.577060538353893
385 385 43.2 0.512092074942901
386 386 30.6 0.806308892040268
387 387 42.8 0.911221357570284
388 388 29.6 0.440208525530075
389 389 47.2 0.0765891075400193
390 390 29.2 0.682379678953491
391 391 49.8 0.384463323911695
392 392 39 0.756234255862008
393 393 31.2 0.600315068991042
394 394 26.8 0.553038602680124
395 395 31 0.629362467798662
396 396 24 0.684972314100741
397 397 35.4 0.576545048226108
398 398 28 0.730482286937805
399 399 43 0.729292239168123
400 400 24.8 0.626810252159238
401 401 34.2 0.250501806246505
402 402 38.4 0.184323194083467
403 403 29.8 0.509369784108548
404 404 33.6 0.750921157242438
405 405 29.8 0.656428266515973
406 406 49.2 0.0920553341752793
407 407 52.4 0.384465107765108
408 408 43.5 0.840540038340693
409 409 47.2 0.703316896989696
410 410 28.4 0.473609222803741
411 411 54.4 0.688578613072868
412 412 28 0.806406699417653
413 413 46 0.651769929116275
414 414 42.8 0.833521314806417
415 415 32.6 0.450048957095023
416 416 28 0.30772090587036
417 417 28.8 0.374080774943623
418 418 48 0.434763987369989
419 419 39.2 0.154360417423173
420 420 57.6 0.663889255170855
421 421 45 0.420632083087778
422 422 47 -0.0165808165831738
423 423 46.6 0.458992023375909
424 424 43.8 0.117378612668264
425 425 45.6 -2.78818075294833
426 426 38.6 -2.43843958398686
427 427 44.8 -2.40370108367055
428 428 46 0.371761591472026
429 429 47.6 0.429781858821492
430 430 57.2 0.639682625405893
431 431 46.6 0.258462882977752
432 432 46.6 0.0604199991513515
433 433 49 -0.00863609909298429
434 434 51.4 0.0366357510677318
435 435 49.6 0.633947319139461
436 436 47.4 0.566476065881175
437 437 43.2 0.499753247901262
438 438 42.8 0.559576077370424
439 439 51.4 0.504615379676259
440 440 49.2 0.53247455807623
441 441 42.6 0.59449618266591
442 442 51.2 -0.0847219285524142
443 443 43.6 0.50866429183795
444 444 48.6 0.0732004821929187
445 445 41.8 -3.03752038657549
446 446 49.6 0.785555497922859
447 447 47.8 -2.74837580437829
448 448 60.6 0.396460347235923
449 449 52.8 0.623519956292961
450 450 49 0.256491594430342
451 451 46.4 0.290488838390543
452 452 37.8 0.392183362889065
453 453 59.6 0.36516046367091
454 454 45.2 0.519976402468762
455 455 51.2 0.385667686017302
456 456 59.2 0.65432736579008
457 457 45.8 0.789471056164761
458 458 32 0.395398649894749
459 459 44.8 0.672565961681121
460 460 51.2 0.603544800858511
461 461 42.6 0.638064974920489
462 462 58 0.648616728911093
463 463 42.4 0.0377633204593329
464 464 62.2 0.31985841852803
465 465 47.4 0.370944456082936
466 466 53.6 0.552603821042129
467 467 53.4 0.39425750581376
468 468 48 0.466222894940493
469 469 43.8 0.135727546419202
470 470 59 0.355165489488314
471 471 53 0.546641834866366
472 472 49 0.584685902574506
473 473 55 0.438549541855829
474 474 52.4 0.669905453086931
475 475 45.6 0.362005914698513
476 476 51.4 0.375674843757077
477 477 62.2 0.606817432225136
478 478 53 0.431219905724224
479 479 51 0.816520843709973
480 480 45 0.434196852510461
481 481 46.8 0.480347489774571
482 482 53.8 0.335733582681103
483 483 35.6 0.41397404601192
484 484 27.8 0.523487722123792
485 485 48 0.30583319738165
486 486 45.6 0.575059489910518
487 487 48.4 0.437222311407813
488 488 36.4 0.616108872025027
489 489 47.8 0.30435294711768
490 490 36.4 0.299003301257451
491 491 49.8 0.374568376046095
492 492 37.2 0.126228918571665
493 493 49.2 0.721850437814587
494 494 46.4 0.148993107063292
495 495 40.6 0.488488431140209
496 496 42.4 0.346793865420319
497 497 41.4 0.277944563646051
498 498 51.4 0.577821852183737
499 499 50 0.522495856117451
500 500 41.6 0.562253554326348
501 501 36.4 0.361738380195158
502 502 47.2 0.293261555715283
503 503 32.4 0.397877379475275
504 504 43.6 0.0931033263012051
505 505 34.6 0.430461637497768
506 506 35.6 0.475730137494757
507 507 34.8 0.774576402268252
508 508 36 0.648297680201855
509 509 36 0.783373497129597
510 510 24.6 0.456224744628648
511 511 27.4 0.668982722277506
512 512 30.8 0.936505391288179
513 513 40 0.793573919015046
514 514 34.8 0.650787896058017
515 515 49 0.348379885139104
516 516 35.4 0.143374316880773
517 517 44.2 0.445365384695823
518 518 30.6 0.573456501829998
519 519 38 0.771826526968925
520 520 34.2 0.214971144488897
521 521 25.4 0.567326746416156
522 522 43 0.277603891152756
523 523 50 0.500110062092515
524 524 17.2 0.597090775701052
525 525 47.8 0.760814364763245
526 526 23.4 0.468788554743445
527 527 47.5 0.426569399876097
528 528 29 0.250549100116264
529 529 36.2 0.813554382501116
530 530 29 0.538152258930003
531 531 26.6 0.449912209502887
532 532 21 0.253136949315331
533 533 31 0.493212988659293
534 534 35.4 0.480807854481028
535 535 40.4 0.586463882323996
536 536 45.6 0.498245630715417
537 537 23.6 0.610694354812626
538 538 41.2 0.635044258462699
539 539 26.6 0.571565182125842
540 540 37.8 0.385963936209747
541 541 35.8 0.408473860327068
542 542 44 0.636516720683719
543 543 44 0.254121810433879
544 544 19.6 0.221703189727092
545 545 44 0.399450085556391
546 546 21.8 0.108871285215009
547 547 27.8 0.472625492909309
548 548 46.5 0.501128511865574
549 549 19.6 0.208630676829203
550 550 21.6 0.721175880172691
551 551 36.4 0.6337126771527
552 552 36.6 0.400067951466645
553 553 45 0.124548702690941
554 554 40 0.787466701066279
555 555 39.4 0.381731287146499
556 556 14 0.267790826509683
557 557 27.2 0.719738181338918
558 558 26.4 0.255881037968221
559 559 55.6 0.547969108823002
560 560 36.5 0.41156971617131
561 561 34.4 0.145701941024618
562 562 24.8 0.490167428779578
563 563 28.4 0.129586870341783
564 564 29 0.594542649871892
565 565 33.6 0.239389400180728
566 566 55.5 0.0876357720812274
567 567 37.4 0.519500809745363
568 568 31.8 0.435449248132364
569 569 28.2 0.053517226088931
570 570 33.4 0.176354242292031
571 571 30.4 0.500937334990027
572 572 46 0.189631463246235
573 573 35.8 0.117629700913322
574 574 30.6 0.701069241689105
575 575 33 0.416541924754485
576 576 46.4 0.306011800266066
577 577 39.2 0.24131587484971
578 578 44.4 0.12080226245433
579 579 23.6 0.280833405477126
580 580 34 0.0782200281544724
581 581 38 -0.0656500555743249
582 582 33 -0.162379811463663
583 583 37 0.200246348244217
584 584 48.4 0.132701043314975
585 585 38 0.0212170793539497
586 586 36.2 0.431726998688381
587 587 49.6 0.44051008377414
588 588 44.4 -0.0239290308954481
589 589 32 0.189116582239127
590 590 38.6 0.211406526774571
591 591 54.4 0.475694242883395
592 592 29.6 -3.78137995041814
593 593 31.6 -0.310441080541007
594 594 49.8 -0.280513023759339
595 595 45.4 -0.649761282423095
596 596 56.2 -0.538002822579541
597 597 41.6 -0.350089659131361
598 598 52.4 -4.30515455450613
599 599 33.6 0.0700218294451338
600 600 41.6 -3.84327727088095
601 601 43.2 -0.260599737582293
602 602 45.2 -0.120325728299962
603 603 42 0.229406173325487
604 604 49 -0.0785512750359296
605 605 38 -0.297728949541198
606 606 47.2 0.450461375302424
607 607 35 -0.0201459128923185
608 608 45.6 0.180008183202875
609 609 29 0.239310910630549
610 610 40.6 0.0319800241852246
611 611 29.6 0.290261331817435
612 612 49.4 0.0116382651200592
613 613 30.6 -0.119799056456879
614 614 49.2 0.0307415948302881
615 615 45.8 0.778088200518101
616 616 47.6 0.837314700843827
617 617 34.6 -3.87102219564524
618 618 26 -4.1332586543634
619 619 27 -4.50908815738901
620 620 45 -4.32422225065672
621 621 49 -4.32627607505595
622 622 43.8 -4.48307561534063
623 623 36 -0.034201416038102
624 624 51.2 -0.143690857848727
625 625 57.2 -4.30398995927905
626 626 27 0.474694980411682
627 627 46.4 0.58170325615907
628 628 32 -4.31238781904481
629 629 29.6 -4.45695595507021
630 630 34 -0.050327624927614
631 631 49.8 0.591458758898104
632 632 49.6 -4.22776203066725
633 633 45.6 -4.51757825542881
634 634 51.6 -4.40861557247851
635 635 50.6 -4.24347938905619
636 636 50.2 -3.93488332117286
637 637 33 -0.0519702493608023
638 638 48.2 0.337014345923138
639 639 35 -0.0700750562458559
640 640 61.2 0.0973406307867751
641 641 51.2 -0.0801255039187398
642 642 30.6 -0.127620427009841
643 643 44.8 -0.195232126092949
644 644 33 -0.421447102313162
645 645 37 -0.29886395890679
646 646 37.6 -0.0580269102933236
647 647 37.6 -0.184313289876811
648 648 32 -0.139106137033787
649 649 34.6 0.218108942642659
650 650 33 0.123608394399102
651 651 38 0.295913841180324
652 652 54.4 0.278750560828464
653 653 49.4 -0.399225422802238
654 654 33.6 -0.321590294899162
655 655 36.2 -0.413496902736874
656 656 46.8 -0.379487084785541
657 657 38.6 -0.230424290788253
658 658 35 -0.0203584525002044
659 659 32 -4.29085549010652
660 660 41.8 -0.207664105089651
661 661 37.8 -0.203367715898348
662 662 52.6 -0.0748149723077406
663 663 42.4 0.201422081677974
664 664 50.2 0.0050096398712087
665 665 65.6 -0.016766380846763
666 666 50.6 -0.347408570959991
667 667 48.2 -0.351720144659616
668 668 44 -0.433609545409997
669 669 37.4 -0.419010228024916
670 670 59.8 -0.164079519206072
671 671 38.8 -0.316107251610524
672 672 47.8 -0.282094039986844
673 673 41.8 -2.22262194966546
674 674 54.2 -3.00200834650717
675 675 60 -2.93316526646554
676 676 37.6 0.393969348224604
677 677 59.4 -0.328989022719063
678 678 54.4 -2.47571515894288
679 679 53.4 -2.35322634222431
680 680 65.6 -3.12529750428758
681 681 37.2 -0.0753073593583947
682 682 48.8 -3.30674698366469
683 683 54 -2.92304607517332
684 684 56.4 -3.22986368471234
685 685 59.6 -0.315853335305176
686 686 45.8 0.519370631954822
687 687 63.2 -0.12034186999792
688 688 60 -0.0155255585177357
689 689 64.6 -0.221730441881773
690 690 68 -0.187482327219613
691 691 58 0.0976901790385162
692 692 35 0.0511785507556488
693 693 54 0.411686710850041
694 694 45.5 0.394137117462681
695 695 67.5 0.115638441909409
696 696 51.5 0.102893766461965
697 697 36.5 -0.450296319357442
698 698 56.5 0.0698385711383957
699 699 56 0.114854808157591
700 700 62.5 -0.354978853267894
701 701 57 -0.206275092401472
702 702 45.5 -0.236475904720874
703 703 47.3 -0.142714263367947
704 704 53.5 0.0703675054297097
705 705 49 0.548997739613102
706 706 34.5 0.319711620444712
707 707 63.5 0.144845995946636
708 708 41 -0.200901690834813
709 709 38.5 -0.504684661157699
710 710 59 0.307206633983929
711 711 52.8 -0.458419857275146
712 712 45.3 0.16922170020827
713 713 47.3 0.307868182548496
714 714 46.3 0.173616331863158
715 715 37.5 -0.37855008314881
716 716 52 -0.475149356687268
717 717 55.5 -0.430406353800626
718 718 34 0.362515966248819
719 719 43 -0.0435101722686868
720 720 50 0.0942378570719796
721 721 38.5 0.208819025644462
722 722 59 -0.307225401957744
723 723 38.5 -0.455545416797236
724 724 44.5 0.507424905293377
725 725 56 -0.150926471852872
726 726 60.5 -0.0430140434767271
727 727 63.5 -0.151100941418404
728 728 59.5 0.00628487751852418
729 729 59.5 0.165555881444212
730 730 45.5 -0.343669092102554
731 731 58 -0.520534198733691
732 732 42.5 -0.442217029706108
733 733 55 0.038508666625698
734 734 40.5 -0.0583294257270249
735 735 60.5 -0.00420657352499062
736 736 32 0.320624909883634
737 737 49.5 0.280293550522234
738 738 49 -0.0896269163179468
739 739 35.5 -0.14331411670959
740 740 46 0.117456884675344
741 741 43.5 -0.098688848148217
742 742 49.5 -0.377151716107366
743 743 49.8 -0.42218648779861
744 744 61 0.0524456957996753
745 745 39.5 -0.0907627523473162
746 746 52 -0.0813212513176198
747 747 34.5 0.165136458349018
748 748 44.5 0.299144617254669
749 749 40.5 0.252975836896089
750 750 42 0.224761193072079
751 751 33.5 0.269023643252661
752 752 48.5 0.47733765047174
753 753 40.5 0.496993974740051
754 754 47 -0.630016374604804
755 755 35.5 -0.358456018656356
756 756 56 0.33153117210864
757 757 43 0.120806047704256
758 758 49.5 0.171116239550294
759 759 55 -0.221056493360555
760 760 57.5 -0.00809593957775326
761 761 47.3 -0.00830386727193684
762 762 51 -0.206933986940228
763 763 38.5 -0.0542246049888475
764 764 52.5 -0.0792100390488263
765 765 41.8 -0.00420222266300729
766 766 53.5 0.556171614885704
767 767 46.5 0.541855495107119
768 768 51.5 -0.54512283418079
769 769 44 0.434735489223998
770 770 65.8 -0.0743409894032761
771 771 63.4 -0.128230635403004
772 772 55.2 -0.316553171455196
773 773 44.8 -0.138715864713882
774 774 64.8 -0.13901137525979
775 775 63.4 -4.37206158798242
776 776 30.2 -0.19252963168062
777 777 54 -0.0909999613426476
778 778 50.8 -0.0313427691891914
779 779 52.6 -0.0479533160346883
780 780 41.2 0.0482327996498319
781 781 53.6 -0.0618773796399553
782 782 48.6 0.249813456372121
783 783 60.6 -0.393352629297132
784 784 43.4 -4.00836146150257
785 785 35.2 -4.32477354837863
786 786 54.6 -4.47733909083284
787 787 59.4 0.0427020274052363
788 788 40.4 -4.37254862347284
789 789 51.6 -4.29852044717118
790 790 40.8 -0.013520942367534
791 791 37 -0.22387994173602
792 792 34.8 0.62902618967597
793 793 58 0.569620216293432
794 794 39 0.235229715072941
795 795 49.4 -0.0369728716128665
796 796 62.4 0.144749363301986
797 797 55.4 0.0927158820415892
798 798 56 -0.249212966159847
799 799 38.2 -0.362508019930056
800 800 67.8 0.119086021436384
801 801 48.4 -4.40274421475786
802 802 44 -4.06802818204377
803 803 62.6 -0.0326287099569859
804 804 48 0.166789611868206
805 805 48.6 0.218352764948205
806 806 55.4 0.3611477071723
807 807 50 -0.154089635531996
808 808 36.8 0.327220903667609
809 809 44 -0.00147423219945625
810 810 41 0.0433393416685552
811 811 51 -0.168874821741005
812 812 38 -0.0379416780506957
813 813 34.6 -0.20017936072834
814 814 55.2 -0.0923745726776625
815 815 55.2 0.0346605032359176
816 816 50.4 -0.0125145444821688
817 817 50 -0.017047577056746
818 818 48.8 -0.11357201576909
819 819 52.2 0.000648988448411215
820 820 44.6 0.0346357468312324
821 821 44.2 -0.0636847277078326
822 822 51 -0.0653866108812339
823 823 51.8 0.247596170088174
824 824 50.4 0.242243130555598
825 825 39.2 -0.0927094150158999
826 826 57.6 -0.146803551528844
827 827 41.2 0.0709525658406088
828 828 35.2 -2.68893785216018
829 829 45.2 -2.7251233621549
830 830 48.2 -3.32680471845959
831 831 44.2 -3.15633185474575
832 832 41.6 -0.612173315576667
833 833 43.4 -0.790434961887215
834 834 46.6 -0.410195903750118
835 835 37.4 -0.468555886403242
836 836 52.6 -0.402780251077102
837 837 53.6 -3.09254247493224
838 838 36.6 -2.96323011434796
839 839 37.8 -2.82608250396099
840 840 40.4 -2.87215299834737
841 841 54.8 -0.601733813825234
842 842 41.2 -3.05862385104808
843 843 50.4 -0.279461115857629
844 844 58.2 -0.38158124167536
845 845 35 -0.148742121594139
846 846 44.4 0.206025641725301
847 847 58 0.157908284318864
848 848 35.4 -0.116981220693372
849 849 30.2 0.421747383048586
850 850 50.6 0.111616070005816
851 851 56.2 0.0437082077475023
852 852 61.4 0.033511658129218
853 853 28.8 0.0456486051748301
854 854 39.4 0.232889560446585
855 855 47.2 0.00935345345813067
856 856 44 0.36796450720193
857 857 40.8 0.104541263860575
858 858 35 0.429977386559023
859 859 37.5 -0.0694824688437256
860 860 43.2 0.352569721720436
861 861 42.6 0.459009035246264
862 862 38 -0.0820499336825887
863 863 42.6 0.387290905606044
864 864 44.4 0.114760873047371
865 865 49.4 0.0328928785379481
866 866 36.4 0.127971177744271
867 867 43.4 0.136752870554195
868 868 46.6 0.131064075002365
869 869 40 0.189800320199809
870 870 40 0.296220098355331
871 871 35.8 0.612696403954258
872 872 41.4 0.288537302756538
873 873 43 0.115765487079323
874 874 44.2 0.0360230626832386
875 875 50.4 0.133176766564233
876 876 48.6 0.331336514543505
877 877 45.8 0.47861428039489
878 878 45 0.20346985837905
879 879 36 -0.0825059475270621
880 880 51.4 0.539661050848584
881 881 47.2 -0.129001564637831
882 882 45.4 0.454296660140733
883 883 44.8 0.640515815475702
884 884 36 0.230882638339532
885 885 43 0.418614718911965
886 886 37.5 0.450569668257189
887 887 47.8 0.443874692363092
888 888 39 0.476598961124209
889 889 47 0.248963080397479
890 890 50.8 0.380903057059352
891 891 45.5 0.0338024697441841
892 892 50.2 0.48370270050164
893 893 40 0.0061669691587758
894 894 44 -0.309864199750636
895 895 44.8 -0.212399539763693
896 896 43.2 0.157702183986713
897 897 43.8 0.543983110125589
898 898 46.8 0.408251270228
899 899 44 0.265267326559349
900 900 42.8 0.157691915952433
901 901 45.6 0.92152693978987
902 902 45.1 -3.71574019251174
903 903 46 0.702863885239991
904 904 44.5 0.3521249766085
905 905 46.9 0.017630576803847
906 906 37.4 0.0953174364559045
907 907 43.8 0.64237785387871
908 908 40.2 0.0291993447830553
909 909 44.5 0.166605396371832
910 910 39.8 0.639041786944368
911 911 39.7 0.381778842067977
912 912 44.6 -3.87118726734889
913 913 41.6 -3.90072496479341
914 914 41.6 0.0254683501064861
915 915 41.5 0.490769022466014
916 916 44.9 -3.99407462302514
917 917 46.6 0.529701666717011
918 918 44.2 0.353015859108207
919 919 44.2 0.170345397332706
920 920 44.8 -3.88425029536765
921 921 38.3 0.4022308519758
922 922 42 0.392025644142169
923 923 42.7 0.734210018467887
924 924 47.7 0.991504724636756
925 925 45 0.893346885318628
926 926 44 0.880253009688401
927 927 46.8 0.987774904692922
928 928 40 -4.08048191535039
929 929 48.8 -3.95604935104076
930 930 43.4 0.114841668554401
931 931 46.5 0.601356230263654
932 932 42.7 0.590854815746197
933 933 49.8 0.530903287779569
934 934 45 0.239505698721543
935 935 38.6 0.466065611279795
936 936 40.4 0.503438863087345
937 937 46.5 0.750042065578706
938 938 39.5 0.49742501463674
939 939 45.7 0.864224434141795
940 940 43.1 0.111894829733088
941 941 39.9 0.558269208956489
942 942 45.2 0.213877598838006
943 943 40.7 0.214718750985244
944 944 51.5 0.390856872087586
945 945 42.8 0.459258687706867
946 946 49.7 -4.00488721119164
947 947 43.1 0.154899750274628
948 948 41.1 0.343466674244423
949 949 40.8 -3.79374901595056
950 950 43.1 0.513693757764826
951 951 41.1 0.469651113131642
952 952 39.6 0.434823159092962
953 953 52.3 -0.289450956023085
954 954 44.8 0.538076205862534
955 955 37.6 0.431942148813457
956 956 40.2 0.539946945989509
957 957 42.6 0.385560785338371
958 958 38.4 0.49008863466906
959 959 46.2 0.685994897192684
960 960 39.5 0.450495660094852
961 961 49.5 0.0342890701484003
962 962 41.2 0.212017996917709
963 963 50.2 -0.0341322373325669
964 964 43 0.315159052499829
965 965 51.1 -0.0517832928213784
966 966 41.6 0.417779266393925
967 967 44.3 0.599534350316752
968 968 47.9 0.54658579576402
969 969 50.3 -0.420346464757238
970 970 49.3 -0.276765582824473
971 971 49.8 -0.344685148901522
972 972 45.3 -0.541549906320075
973 973 51.2 0.584789844667288
974 974 52.1 0.28764663779993
975 975 58 0.499020997829467
976 976 53.8 -2.85692998489698
977 977 53.9 -3.13471629381772
978 978 56.2 -3.10352539934539
979 979 50.9 0.233606843553157
980 980 56.7 0.434739361491163
981 981 47 0.42502823754436
982 982 48.3 -0.207912887377858
983 983 52.4 -0.265748591161991
984 984 52.4 -0.170169333706907
985 985 55.7 0.610564090004845
986 986 46 0.585162147927202
987 987 52.9 0.501169061899259
988 988 54.9 0.572379750506362
989 989 57.9 0.435526345406709
990 990 51.1 0.439428938079901
991 991 55.8 0.469332281965503
992 992 41 0.135123516250056
993 993 40.1 0.125137069756947
994 994 55.2 0.673951841748672
995 995 52 0.630006351863576
996 996 46.8 0.53528386615025
997 997 63.1 -0.0704878660308347
998 998 53.2 0.152861197400956
999 999 57.9 0.166095649381864
1000 1000 40.9 0.593591203373376
1001 1001 38.2 0.490881231196564
1002 1002 48.6 0.307950196296881
1003 1003 35.2 0.207632763124705
1004 1004 42.6 0.260076487161511
1005 1005 38.2 0.0956196038206471
1006 1006 39 0.0934400830187153
1007 1007 51 0.119049952790542
1008 1008 37.5 0.351295006176559
1009 1009 29 -0.0490911534605701
1010 1010 38 0.226696064904687
1011 1011 40.5 0.023394903319708
1012 1012 40 -0.0555376516267982
1013 1013 32.5 0.425269101263757
1014 1014 46 0.030600365850309
1015 1015 40.5 -0.0296283555332781
1016 1016 39 0.178523408042442
1017 1017 33 0.393943243052704
1018 1018 34 0.312597613033
1019 1019 34.5 0.335025262350216
1020 1020 41 0.14277737861666
1021 1021 44 0.0600992100973202
1022 1022 34 -0.0601691006994384
1023 1023 34.5 0.302589238195495
1024 1024 39.5 0.353612753863701
1025 1025 38.5 -0.0520589634366425
1026 1026 47 0.162338201464436
1027 1027 46 -0.030711067537831
1028 1028 28.5 0.146087296870482
1029 1029 32 0.0984055042571963
1030 1030 40.5 0.507734686666591
1031 1031 46 0.533929834392416
1032 1032 38 0.160693532126116
1033 1033 34.5 0.339776664687737
1034 1034 36.5 0.395203992329615
1035 1035 39.5 0.120516715382364
1036 1036 40.5 -0.0319153861348181
1037 1037 41 0.467779763883989
1038 1038 35 0.336780922177732
1039 1039 40 0.0358794842377885
1040 1040 32 0.157880047224592
1041 1041 32 -0.0949547643596396
1042 1042 39 0.0487865338544509
1043 1043 36.5 -0.159196155224597
1044 1044 38.5 0.078120915518492
1045 1045 31 0.52222719038998
1046 1046 31 0.452597300467282
1047 1047 39 0.450286818719652
1048 1048 40 -0.106194389629809
1049 1049 45 0.276476887373213
1050 1050 43.5 -0.15411730701421
1051 1051 42.5 0.182569840212803
1052 1052 34.5 0.184224168464727
1053 1053 40.5 0.544076218572032
1054 1054 29 0.0904907206974522
1055 1055 35 0.383322005796226
1056 1056 47 0.0927863224970994
1057 1057 41 0.487580275718428
1058 1058 37 0.356164186347968
1059 1059 50 -0.232073485023036
1060 1060 38 0.327788299578856
1061 1061 39 0.33139259715447
1062 1062 42.5 0.47633777887935
1063 1063 42.5 -0.157598997299135
1064 1064 38.5 0.399586354553709
1065 1065 38 0.443425683406412
1066 1066 44.5 -0.0254102818576745
1067 1067 42.5 -0.144354625352904
1068 1068 45 0.437758033043821
1069 1069 45 0.254784881800139
1070 1070 37.6 0.508415204989404
1071 1071 39 -3.85738689874981
1072 1072 42.5 0.363773104310284
1073 1073 35.6 0.307363526067048
1074 1074 36.6 0.212686985456266
1075 1075 44 -3.82572537153674
1076 1076 44.4 0.636698108119805
1077 1077 45 0.0419568552733505
1078 1078 45 0.567079660964123
1079 1079 40.8 -3.88030615196252
1080 1080 38 0.250723526173176
1081 1081 27.4 0.310902995799111
1082 1082 40.2 0.185990183343762
1083 1083 40 0.289904561134801
1084 1084 39.8 0.247904559185553
1085 1085 39.5 0.170563419026691
1086 1086 42 0.435357618978995
1087 1087 41.6 0.174756040159692
1088 1088 47.2 -3.81728635261662
1089 1089 43.5 -3.83846465191533
1090 1090 43.2 0.379880691510507
1091 1091 44.2 -3.72201657197441
1092 1092 44.6 0.449379098384069
1093 1093 39 0.326857650200621
1094 1094 56.4 0.650859337211783
1095 1095 49.6 0.584185553446423
1096 1096 45.4 0.457681891815487
1097 1097 46.6 0.272336259040913
1098 1098 47.8 0.0685924407577487
1099 1099 38 0.0769629336016274
1100 1100 53.2 0.616137979291696
1101 1101 46.4 0.576697458921384
1102 1102 44 0.452634674371719
1103 1103 43.8 0.41883539463176
1104 1104 49.6 0.543354584603477
1105 1105 39 0.525885612688668
1106 1106 32.4 -4.01379803758523
1107 1107 46.6 0.352572332237626
1108 1108 46.4 0.358354584304859
1109 1109 39.8 0.424994605381228
1110 1110 43.2 -3.94107781741301
1111 1111 44 0.0179566739094979
1112 1112 47 0.0220883829747323
1113 1113 53.6 0.643649915396777
1114 1114 37.5 0.06583773600162
1115 1115 48.2 0.195570563887967
1116 1116 46.5 0.753382961969849
1117 1117 48.6 0.00990383749902255
1118 1118 47 -3.87591343468691
1119 1119 40.5 0.369166258790347
1120 1120 44.4 -0.0344075163702525
1121 1121 36.4 0.440336266837906
1122 1122 38.4 -4.0020587593249
1123 1123 42 0.270238360409788
1124 1124 46.8 0.309986095144743
1125 1125 46.6 0.595354912295561
1126 1126 50 0.67307540411075
1127 1127 39.4 0.614406771308527
1128 1128 44.2 0.614145328011948
1129 1129 48.8 0.376842354061685
1130 1130 40.4 0.34590855202395
1131 1131 54.6 0.466002958867235
1132 1132 34.8 0.543406838455896
1133 1133 35.6 0.428794648237473
1134 1134 44.2 0.554221384510294
1135 1135 28.8 0.479559983755588
1136 1136 43.5 -0.219550398976403
1137 1137 38 -0.130323965629046
1138 1138 41.5 -0.17510556066148
1139 1139 32 -0.0339211770177554
1140 1140 59 -0.174441749648682
1141 1141 39.5 -0.162473006927346
1142 1142 31.5 0.30668444352869
1143 1143 31 0.350295395635887
1144 1144 35.5 -0.167193039549967
1145 1145 28 0.149561938758993
1146 1146 34.5 -0.100644952187305
1147 1147 38.5 0.137741255870949
1148 1148 37.5 -0.248873555416527
1149 1149 39 -0.211432865248236
1150 1150 39 -0.353064343469367
1151 1151 36 -0.312244730376198
1152 1152 41 -0.0781407712078019
1153 1153 38.5 0.212786228618106
1154 1154 46.5 -0.204657267881588
1155 1155 41 0.22518366177066
1156 1156 40.5 -0.0873759543622486
1157 1157 41 0.244817318048038
1158 1158 40 -0.045014178239086
1159 1159 39.5 0.146169658687826
1160 1160 40.5 -0.317156766538144
1161 1161 41 0.120119438174666
1162 1162 50 -0.0618766835020379
1163 1163 31 -0.0987516745952564
1164 1164 33.5 -0.094702718924945
1165 1165 35 -0.220815499115298
1166 1166 31 -0.302630195565424
1167 1167 40.5 0.268373015351673
1168 1168 38.5 0.228952508946485
1169 1169 38 -0.401940621731558
1170 1170 31.5 -0.386211080929066
1171 1171 32.5 0.0924835025030593
1172 1172 35 0.190774347672018
1173 1173 39 -0.0324172580645958
1174 1174 38.5 -0.356492344117417
1175 1175 36.5 -0.257748835267713
1176 1176 37 0.0994065070737022
1177 1177 36 -0.0612865760912382
1178 1178 40 -0.259345819158696
1179 1179 33.5 0.187214211345534
1180 1180 39.5 0.238716104288807
1181 1181 41 0.101691275227011
1182 1182 30 0.149531047638911
1183 1183 37 0.00557316351529024
1184 1184 34.5 -0.0139641646777763
1185 1185 34.5 0.0308600688020943
1186 1186 34.5 0.42889206403728
1187 1187 34 0.298974237499402
1188 1188 44.5 0.246383019241361
1189 1189 40.5 0.35575638005427
1190 1190 32.5 0.386091372957239
1191 1191 27 0.194373598247732
1192 1192 31 0.191997723044492
1193 1193 39.5 0.0206609086666199
1194 1194 35.5 -0.225385383490874
1195 1195 41 0.285920389799422
1196 1196 38 0.344536116119927
1197 1197 43.5 -0.176997097908734
1198 1198 36 -0.331683119967764
1199 1199 40.5 0.163128622560949
1200 1200 31.5 0.396010468106846
1201 1201 41.5 0.186475478489384
1202 1202 40.5 -0.0912153725194425
1203 1203 37.5 -0.464620053144498
1204 1204 33 0.218788764827555
1205 1205 31 0.245407860545036
1206 1206 43 0.174326740607797
1207 1207 47 0.333716697100108
1208 1208 40 0.152076040847443
1209 1209 38 -0.0627726565102661
1210 1210 35.5 -0.129007568827368
1211 1211 43 -0.346159960588013
1212 1212 39 0.256405447363072
1213 1213 37 0.142272591609353
1214 1214 36.5 0.104698852081611
1215 1215 39 0.257172112753156
1216 1216 37.5 0.244424391702323
1217 1217 41.5 0.302667031607757
1218 1218 35.5 -0.0948608292494194
1219 1219 41 -0.0759336224322759
1220 1220 40.5 0.122842816724515
1221 1221 39.5 0.0633975550582666
1222 1222 42 -0.146630082661569
1223 1223 54.6 0.112614027218934
1224 1224 43.4 0.209313153039909
1225 1225 41 0.423168809658542
1226 1226 48.4 0.374575554968368
1227 1227 47 0.14193653102976
1228 1228 39.2 0.0611533369386426
1229 1229 48.8 0.16501058791184
1230 1230 36.2 0.0858922946672654
1231 1231 48.8 -4.14940161407155
1232 1232 40.8 -4.29303209583093
1233 1233 45.8 0.206139416766165
1234 1234 39 -0.128649449377519
1235 1235 35 -0.19315637334932
1236 1236 46.8 -0.201853354876428
1237 1237 35.6 0.224989134731386
1238 1238 33.8 0.146271599384096
1239 1239 56.2 0.0941511443926517
1240 1240 45.6 -4.01517456329952
1241 1241 38.4 -3.82434179742604
1242 1242 45.2 0.352932409575367
1243 1243 43.4 0.316286447856951
1244 1244 43.4 0.335693424224997
1245 1245 45.8 0.192943992017247
1246 1246 40.8 0.242998527213144
1247 1247 48.6 0.179319398242293
1248 1248 40.6 0.220697183419305
1249 1249 49.6 0.399891219452882
1250 1250 48 0.32364131898806
1251 1251 48.4 0.194014086522049
1252 1252 47 0.203116046282566
1253 1253 49.8 0.0172849878365107
1254 1254 48 -0.0953489524553297
1255 1255 46.2 -0.193369435060644
1256 1256 34.6 0.206978262956552
1257 1257 43 0.331132807185445
1258 1258 46 0.426701230994192
1259 1259 53 0.152609064949021
1260 1260 46.8 -0.136310316631916
1261 1261 41.4 -0.166711094568073
1262 1262 41.5 0.169151651330339
1263 1263 42.2 -0.189221366754352
1264 1264 41.6 -4.19382935349888
1265 1265 34 0.217278189055561
1266 1266 38.6 0.281772103950031
1267 1267 48.2 0.241085105130113
1268 1268 44.4 0.131875815322596
1269 1269 43 0.369613005298796
1270 1270 42.6 -0.218134454452547
1271 1271 22 0.000360526298916106
1272 1272 29 -0.0177715604907729
1273 1273 25 0.15453893329035
1274 1274 27.5 0.140464677929418
1275 1275 28 0.299945132350983
1276 1276 33.6 0.368686793799783
1277 1277 37.6 0.290935889459331
1278 1278 21 -0.0390795589851973
1279 1279 22.5 -0.0724159070101297
1280 1280 27.5 0.132624294109589
1281 1281 27.5 -0.174464113079276
1282 1282 40.8 0.0369098118640621
1283 1283 33 -0.124097185992976
1284 1284 27.5 0.195855284296156
1285 1285 50 0.330954726404468
1286 1286 28.5 0.273887210812112
1287 1287 34.2 0.167208512859961
1288 1288 37.8 -0.13226275323744
1289 1289 22.5 0.0266962938840427
1290 1290 33 -0.0290074440196363
1291 1291 26.5 -0.229321347275478
1292 1292 42 -0.100146778490213
1293 1293 42 -0.101874549292415
1294 1294 37.8 0.353240494112407
1295 1295 41 0.387658335900537
1296 1296 42.5 0.330477132284557
1297 1297 46 0.48701318436752
1298 1298 44.5 0.42750566186629
1299 1299 48.5 -0.159178490724945
1300 1300 44.5 0.26502672389167
1301 1301 36.5 0.157208013082646
1302 1302 45.5 -0.491114583683396
1303 1303 47 -0.406406694540211
1304 1304 55 -0.21965312282783
1305 1305 35 0.040671436608994
1306 1306 46 0.305325451788195
1307 1307 45 -0.484797697695652
1308 1308 44 0.441384215455212
1309 1309 53 0.0559084163263521
1310 1310 46.5 -0.0388637562308239
1311 1311 55 0.222366478636451
1312 1312 41 -0.30439895148751
1313 1313 41.5 -0.423563883685294
1314 1314 29 -0.400183091033389
1315 1315 50 -0.304626327534759
1316 1316 37.5 -0.318139191173981
1317 1317 44.5 0.281387357224844
1318 1318 54 -0.0279468343939588
1319 1319 42.6 0.11050037846743
1320 1320 39.8 0.22226492951776
1321 1321 41 -0.000617112388739263
1322 1322 39 0.166791656773338
1323 1323 44.5 0.00751221217540314
1324 1324 39 -0.00457535258669809
1325 1325 41.5 -0.0620599853173958
1326 1326 40.5 0.119895760360103
1327 1327 38.2 0.224473818638079
1328 1328 41 -0.0584675655949958
1329 1329 47.5 0.025982970061875
1330 1330 41 0.14308785612779
1331 1331 30.6 0.105497626833132
1332 1332 49.5 0.059161729865771
1333 1333 32.8 0.105323809896897
1334 1334 33.2 0.153052156733404
1335 1335 40.6 0.0403356805897401
1336 1336 37.8 0.170441812434257
1337 1337 33.8 0.243118828546984
1338 1338 40 0.239305994156508
1339 1339 38 0.0599735136946216
1340 1340 36.2 0.0366595067741608
1341 1341 48 -0.228619031134128
1342 1342 39 0.0774185558685222
1343 1343 36.4 -0.0873623361642407
1344 1344 39 -0.229144049649657
1345 1345 44 -0.0907938175018772
1346 1346 53.5 -0.155048260952785
1347 1347 50.4 -0.30272804645143
1348 1348 45.5 -0.462451148445805
1349 1349 44.6 -0.147028056007184
1350 1350 34 -0.243539746693917
1351 1351 47.5 -0.358829279105906
1352 1352 47.5 -0.168793373604677
1353 1353 58.5 0.334007160646116
1354 1354 50.4 0.306045388920577
1355 1355 55.2 0.041523857488769
1356 1356 55.6 0.117157023267453
1357 1357 53 -0.036630719826497
1358 1358 46.5 -0.129079271032853
1359 1359 42 -0.170419377745089
1360 1360 38.5 -0.0904618902411686
1361 1361 42 -0.0148282023590468
1362 1362 43.5 0.131828826013176
1363 1363 52 -0.18525355466003
1364 1364 49.5 -0.326730751315233
1365 1365 47.4 -0.168761829855298
1366 1366 45.5 -0.346564982330042
1367 1367 47.5 0.125160738446136
1368 1368 58.5 -0.208015959298244
1369 1369 60.2 -0.0404084862693871
1370 1370 57 -0.32340264645832
1371 1371 51.4 0.147572637642972
1372 1372 53.8 0.23772328109283
1373 1373 44 -0.145671022154582
1374 1374 52.4 -0.209227674360602
1375 1375 50.4 0.346390758057563
1376 1376 49 0.249617363022533
1377 1377 47.4 0.133975628332993
1378 1378 45.8 0.47676842719846
1379 1379 45.4 0.364326838514903
1380 1380 60.2 -0.133332456164662
1381 1381 43.2 0.306701759959383
1382 1382 40.6 0.196604589746926
1383 1383 52 0.10670942891273
1384 1384 45.5 0.334100530144278
1385 1385 55 -0.256959762938415
1386 1386 54 -0.128116164224222
1387 1387 53.6 0.010265307112598
1388 1388 50 -0.209669634920869
1389 1389 54 0.156809691668072
1390 1390 57.2 0.178950880232305
1391 1391 50 -0.297187267224272
1392 1392 42 0.0388475117569602
1393 1393 52.6 0.138161157560961
1394 1394 53.5 0.35694446993606
1395 1395 42 -0.0319088163332233
1396 1396 44 -0.240687234560403
1397 1397 44 0.0575932006121589
1398 1398 58.5 -0.274241256210362
1399 1399 50.8 -0.221649472340263
1400 1400 51.8 0.103083594570298
1401 1401 29.5 0.293467830081913
1402 1402 50.6 0.20035002928528
1403 1403 52 -0.357751527084014
1404 1404 52 0.106441459323176
1405 1405 52 0.10656841747585
1406 1406 33.5 0.150410226319884
1407 1407 52.8 0.0221667419990522
1408 1408 42 -0.127504476537985
1409 1409 45.5 0.0567759782058291
1410 1410 50.2 0.109105405098333
1411 1411 53.5 0.00744842853872745
1412 1412 54 0.157989993506911
1413 1413 44 0.19684371312153
1414 1414 45.6 -0.243284655655834
1415 1415 45.5 0.146516117827559
1416 1416 47 0.171162793773515
1417 1417 46 0.315931852605309
1418 1418 57.6 0.0432715552388548
1419 1419 46.8 -4.14150767114071
1420 1420 43.4 -0.247313466835163
1421 1421 41 -0.047843500278229
1422 1422 53 -4.09780443725084
1423 1423 45.6 -4.16147490800635
1424 1424 48.4 -4.1311281242674
1425 1425 38.2 -0.172775674069404
1426 1426 51 0.0168740054135648
1427 1427 49.6 0.432214904351193
1428 1428 49.4 0.0883325191192387
1429 1429 46.8 -0.119479007049385
1430 1430 46.8 0.0335772256193068
1431 1431 42.5 -4.04741914952697
1432 1432 43.4 -4.11097854277604
1433 1433 44.1 -4.19949191335295
1434 1434 34.5 -4.11844240299983
1435 1435 48.2 -4.08019140829577
1436 1436 41.7 -4.10949676971038
1437 1437 46 0.11771132308413
1438 1438 41.3 0.0204127790077104
1439 1439 34.6 -0.0255254926829932
1440 1440 25.8 0.0525518568320687
1441 1441 45.4 0.00340743494584559
1442 1442 35 0.0355425534857991
1443 1443 45.2 0.15648120158833
1444 1444 46.7 0.188010288562625
1445 1445 50 0.21460741242709
1446 1446 51.8 0.0696010575827255
1447 1447 48.6 0.103797701547623
1448 1448 49.6 0.242271063089531
1449 1449 48.7 0.182139713997131
1450 1450 50.2 0.229049054573895
1451 1451 46 0.0234015601385425
1452 1452 45.8 0.174909886639423
1453 1453 49.8 0.0779597595906293
1454 1454 38.6 0.121514237509283
1455 1455 53.6 -0.0803142443115769
1456 1456 51.8 0.0845921700894053
1457 1457 56 -0.11300810054743
1458 1458 45 0.0889776214255078
1459 1459 44.4 -0.0978049270276827
1460 1460 45.6 0.150360800527753
1461 1461 41 0.234939730121752
1462 1462 34.9 0.110674543472622
1463 1463 33.3 0.575899380307781
1464 1464 40.8 0.646630386381221
1465 1465 41 0.302549558334207
1466 1466 40 0.246996447272391
1467 1467 41.8 0.28045139979499
1468 1468 32.5 0.158747087000631
1469 1469 43.2 0.207820415802047
1470 1470 37 0.292416835861218
1471 1471 39.7 0.293347354713594
1472 1472 46.6 0.0228922047261535
1473 1473 44.3 0.0474362438379229
1474 1474 40.8 0.196084270162339
1475 1475 28.6 0.0840861648407434
1476 1476 42.4 -0.0337068100478364
1477 1477 34.3 0.183733913336445
1478 1478 53 0.333793750865833
1479 1479 41.6 0.184649552240837
1480 1480 51 -4.14908456675882
1481 1481 50.2 -4.29942103209311
1482 1482 36.4 -4.17479968388203
1483 1483 40.5 -4.25273545634815
1484 1484 43.3 -0.193859429137207
1485 1485 37.3 -0.368538053587239
1486 1486 42.7 -0.0260850570426699
1487 1487 40.5 0.0959612335035786
1488 1488 43.4 0.120292297921264
1489 1489 50.4 -4.27353662293014
1490 1490 43.4 0.00753235666638599
1491 1491 34.4 -0.0234861566541644
1492 1492 46.5 0.131473839183955
1493 1493 57.2 0.130636211234924
1494 1494 53.8 -0.0864398228979142
1495 1495 50 -0.13362548671924
1496 1496 48 0.267293479476368
1497 1497 36.2 -0.110397757391909
1498 1498 51 -0.104278400538207
1499 1499 45.4 0.131640433689297
1500 1500 46.6 0.170554064673427
1501 1501 50.8 0.240482641271281
1502 1502 48 0.143778207398686
1503 1503 48.5 0.150879031698588
1504 1504 46.2 0.171703953987003
1505 1505 37.8 0.238583228963836
1506 1506 43.8 0.253423453576934
1507 1507 48.5 0.168549796592184
1508 1508 44.6 0.391361441551793
1509 1509 40 0.233993417640377
1510 1510 49 0.112991856073567
1511 1511 48.8 0.3575605519929
1512 1512 50.5 0.198804168022601
1513 1513 52 0.174674026411306
1514 1514 45.4 0.353993889373441
1515 1515 44.2 0.154982460160931
1516 1516 47.8 0.110167624542944
1517 1517 55.6 0.112216793519855
1518 1518 55.6 0.107451816492946
1519 1519 42.6 0.38858694037364
1520 1520 49.5 0.200253048571672
1521 1521 50 0.267335552311747
1522 1522 37.5 0.32564911126751
1523 1523 45 0.25677418291616
1524 1524 56 0.0988491181450172
1525 1525 57 0.0163595594926553
1526 1526 53 0.255510736104819
1527 1527 46.5 0.414075290570273
1528 1528 44.5 0.2405925875536
1529 1529 55 0.340300160401572
1530 1530 42 0.112878516118901
1531 1531 36.5 0.537432104254521
1532 1532 41.5 0.468335151416162
1533 1533 33 0.398657837097846
1534 1534 38.5 0.339626037845874
1535 1535 56 0.103638547016272
1536 1536 45.5 0.291384376312573
1537 1537 44.5 0.239680385830174
1538 1538 49.5 0.070513389832011
1539 1539 52.5 -0.00855787059452393
1540 1540 60 0.197855680110234
1541 1541 57.4 0.179170163676265
1542 1542 46.6 0.0734471325587539
1543 1543 51.5 0.328577589451253
1544 1544 54.2 0.102547394339472
1545 1545 47 0.0288389628849757
1546 1546 56 0.00673719313031168
1547 1547 53 0.037540599834406
1548 1548 59.5 -0.0230970155583749
1549 1549 53 -0.0465188368387828
1550 1550 53.5 0.023077420920784
1551 1551 52.6 0.400545023483117
1552 1552 42 0.25067266459659
1553 1553 43 0.346304306429954
1554 1554 47.4 0.294616675188613
1555 1555 59.2 0.0269211464313415
1556 1556 54.2 0.592765496786179
1557 1557 43 0.472756105786049
1558 1558 50 0.162546868805157
1559 1559 66.2 0.275345750274786
1560 1560 62.2 -0.00339731319609031
1561 1561 55.5 0.0340064816625827
1562 1562 49.5 0.25264129911819
1563 1563 46.6 -0.0247536497671496
1564 1564 48 0.118943748249529
1565 1565 52 0.0756011138008436
1566 1566 51 0.297188121638003
1567 1567 49 0.136939957619479
1568 1568 50.6 0.0949483093252384
1569 1569 51.2 0.347392195960267
1570 1570 53.5 -0.12898098506065
1571 1571 50 0.217150795816689
1572 1572 60.5 0.317608587796447
1573 1573 59.6 0.15445800725746
1574 1574 55.5 0.0301820739792312
1575 1575 63.4 0.343897540106633
1576 1576 53.6 0.453615880766201
1577 1577 52.8 0.391429271490113
1578 1578 52.2 0.4890339857243
1579 1579 52.2 0.185172917428813
1580 1580 48.6 -0.0633916101360153
1581 1581 43.6 0.121155073852559
1582 1582 38.4 0.0488366122758791
1583 1583 37.8 -0.0208615861799573
1584 1584 52.6 -0.0309985724976897
1585 1585 54.2 -0.247111282278797
1586 1586 48.6 -0.174357516960685
1587 1587 53.6 -0.0977246101154703
1588 1588 31 0.475361750010628
1589 1589 47.8 0.0158559472180843
1590 1590 37.8 0.401420721474503
1591 1591 43.4 0.545188690472551
1592 1592 42.2 0.497054451721619
1593 1593 42.4 0.560510511998585
1594 1594 35.6 0.245730955555919
1595 1595 49.2 0.287195888498456
1596 1596 47.4 0.236449044143771
1597 1597 43.4 0.294954389095759
1598 1598 50 0.344725378616202
1599 1599 38.2 0.330169395816476
1600 1600 35 0.269657346300534
1601 1601 49 0.354574424887878
1602 1602 46.4 0.314241064129966
1603 1603 46.2 0.122434966922197
1604 1604 46 0.327163733341148
1605 1605 51.8 0.333962607819407
1606 1606 40.6 0.0905323584466327
1607 1607 44.8 0.251164442526567
1608 1608 51 0.229533087969541
1609 1609 55.8 0.298581311153687
1610 1610 48.4 0.13221135379875
1611 1611 38.6 0.124256237748421
1612 1612 50.2 -4.12431293405671
1613 1613 43.4 0.348946541403814
1614 1614 54.4 -3.95268639577937
1615 1615 51.8 0.474912741053948
1616 1616 45.8 0.393957513880009
1617 1617 54 -4.08151894330412
1618 1618 50 -4.24088501356414
1619 1619 64.4 -0.034312101966958
1620 1620 44 -4.03427715336321
1621 1621 46.8 0.29234848381946
1622 1622 40.2 0.410087072933249
1623 1623 48.6 0.306528291092108
1624 1624 59.2 0.619975657104096
1625 1625 35 0.253803631897038
1626 1626 48.6 0.23225642301077
1627 1627 46.4 0.135669375394485
1628 1628 59 0.0126420959968542
1629 1629 44.2 -4.14876042754107
1630 1630 54 -0.0795997022480538
1631 1631 47.4 0.10045911111333
1632 1632 47 0.216687864101662
1633 1633 47.8 -4.07792434815073
1634 1634 43.8 0.215106021210381
1635 1635 42.8 -0.0505366403372935
1636 1636 36.8 -0.12292384553331
1637 1637 44.4 0.619850787365175
1638 1638 48.4 0.462153577236099
1639 1639 44.2 -0.197627928244073
1640 1640 50.2 0.0203943748615208
1641 1641 52.2 -0.0412578615457738
1642 1642 43 0.245280989409602
1643 1643 51.2 0.336192468094486
1644 1644 51.4 0.29643955583377
1645 1645 44.4 0.263748049063388
1646 1646 45.6 0.1437222988222
1647 1647 37 0.695167340917331
1648 1648 47 0.694631184195125
1649 1649 45 0.178180299066436
1650 1650 49.6 0.186585729332041
1651 1651 48 0.307249446465845
1652 1652 52.8 0.267716731330107
1653 1653 50 0.245408861243292
1654 1654 52 0.595548656179679
1655 1655 55 0.228912742067957
1656 1656 39.4 0.526862033134968
1657 1657 45.6 -0.0563469119556985
1658 1658 50 0.389472166752769
1659 1659 52.6 0.419378860802098
1660 1660 54.2 0.233087655192686
1661 1661 51.8 -0.201231138104191
1662 1662 47.4 0.0380560899621915
1663 1663 45.2 0.0699438184897726
1664 1664 56.2 0.142797436090403
1665 1665 55.2 0.144431054239286
1666 1666 43.2 0.228063758369149
1667 1667 42.6 0.311674316611517
1668 1668 40.4 0.237674246878278
1669 1669 54.4 0.259041373587056
1670 1670 61.4 0.209073377036007
1671 1671 42.4 0.231111754731574
1672 1672 39.8 0.343291378015115
1673 1673 45.4 0.719378974173574
1674 1674 46.8 0.833835229498514
1675 1675 43.6 0.122272070649541
1676 1676 59 0.25745809491132
1677 1677 53.2 0.431534386028379
1678 1678 38.2 -4.04644024908934
1679 1679 42 0.159894104745298
1680 1680 46.6 0.0600868536492875
1681 1681 53.4 0.341866253172473
1682 1682 48 0.273134033094177
1683 1683 56.8 0.204353257396147
1684 1684 48 -0.14042649311987
1685 1685 48.8 0.167085078905494
1686 1686 51.6 0.194403575686797
1687 1687 54.2 0.0215109800809239
1688 1688 39.6 0.238281409668052
1689 1689 54.8 0.181502138682093
1690 1690 48.6 -3.9341827453763
1691 1691 43 -0.0024009658019066
1692 1692 47.8 0.085240230981823
1693 1693 39.6 0.331755154483542
1694 1694 43.8 0.259749563392083
1695 1695 45.8 0.135469888372549
1696 1696 50.6 0.261947227288486
1697 1697 48.2 0.284584544644678
1698 1698 47.8 -3.97631336020229
1699 1699 33.6 -4.20297625766368
1700 1700 45.2 -0.127825918221314
1701 1701 38.6 -0.0334949665778679
1702 1702 37.2 0.241982078836598
1703 1703 47.2 0.262183087516602
1704 1704 60.6 -0.0622463327361421
1705 1705 57.2 0.292035091230801
1706 1706 59.5 0.118867216587242
1707 1707 51 0.191706780903666
1708 1708 52 0.182647503099206
1709 1709 54 0.0634385401781496
1710 1710 58.6 -0.0887475200938751
1711 1711 51 -0.132154112213716
1712 1712 58.6 0.438560810588366
1713 1713 52 0.549453318371377
1714 1714 62.4 0.536668702010925
1715 1715 48.2 0.512962551899907
1716 1716 51 0.320246080330745
1717 1717 59.4 0.371434493668119
1718 1718 57.4 0.43892258476228
1719 1719 49.6 -0.108043288429627
1720 1720 42.5 0.206030601707962
1721 1721 50.6 0.0557521333639107
1722 1722 54.2 0.352762769466637
1723 1723 49 0.225050351359491
1724 1724 38.4 0.394343913932749
1725 1725 48.1 0.145846346133845
1726 1726 34 0.0883102862145038
1727 1727 42.8 0.184524987062255
1728 1728 37 0.303076099651431
1729 1729 34.4 0.175667676271061
1730 1730 48 0.257902491954298
1731 1731 39.2 0.0278927809294598
1732 1732 39.6 0.0247375358191453
1733 1733 46.4 0.352960646669639
1734 1734 48.8 -0.416396447688428
1735 1735 27.4 -2.82026039799799
1736 1736 35.6 0.414967652363055
1737 1737 45.6 0.370190451701224
1738 1738 37.8 0.339620947337353
1739 1739 31.4 0.273815943692825
1740 1740 34.8 0.274832435577992
1741 1741 40.2 -2.61708789140186
1742 1742 39 -3.05033241336643
1743 1743 42.4 -0.244803585082837
1744 1744 50.4 0.372603961860619
1745 1745 41.2 -0.36759783231264
1746 1746 37.4 -0.303487880988199
1747 1747 38.4 -0.291368293881901
1748 1748 44.6 -0.224406178492904
1749 1749 36.2 0.206871144734522
1750 1750 40.4 0.101148722737689
1751 1751 40.6 0.359575479686002
1752 1752 45.4 0.0911191156937052
1753 1753 42.8 -0.014504150158528
1754 1754 42.3 -0.272211622603756
1755 1755 47 -0.301547483560872
1756 1756 45 -0.363404341007242
1757 1757 37 -0.278704326924247
1758 1758 39.4 0.303019712480127
1759 1759 45.8 0.399994944002564
1760 1760 36.8 -2.55912166175823
1761 1761 27.4 0.325139755855121
1762 1762 33.6 0.32421576329572
1763 1763 39 -0.22216992245071
1764 1764 37.4 -2.33703252093957
1765 1765 45.2 -2.91207311423411
1766 1766 37.2 -3.10586846904928
1767 1767 43.8 -2.79182020548877
1768 1768 44.6 0.0871223703671939
1769 1769 38 -3.09656310649104
1770 1770 49.3 0.0308120352857983
1771 1771 44.2 0.284699624944138
1772 1772 49.2 0.288266766158414
1773 1773 41.8 0.0872738238728338
1774 1774 49.6 0.0599443629193333
1775 1775 46.2 0.00086218068559463
1776 1776 39 -0.167399836020035
1777 1777 36.5 -0.114015020536233
1778 1778 46.8 0.0373464643727096
1779 1779 46 0.142688838575299
1780 1780 46.6 0.102337378231536
1781 1781 45.2 -0.242467389740885
1782 1782 46 -0.0824135787271559
1783 1783 43.5 -0.0832718297619885
1784 1784 45.2 0.214517349584035
1785 1785 42.8 0.0513018976928764
1786 1786 39.4 -0.0150493566736597
1787 1787 42.6 0.218250389165737
1788 1788 46.8 0.149207387015971
1789 1789 46 0.0757445617204341
1790 1790 39 0.235440905913612
1791 1791 37.6 0.305077757215484
1792 1792 45 -0.155467684047978
1793 1793 41.6 -0.0452354195709386
1794 1794 40 0.167951814121194
1795 1795 45 0.104476305491163
1796 1796 41.4 -0.0191250266365488
1797 1797 56 0.193434638723108
1798 1798 43.6 -0.228337008260368
1799 1799 50.2 -0.0618209054514116
1800 1800 38.4 0.0557959030354631
1801 1801 43.8 0.20228477059203
1802 1802 46.2 0.124827723469932
1803 1803 51.4 0.0332519986860525
1804 1804 42.4 0.109752639326974
1805 1805 36.2 0.139492564836481
1806 1806 43 0.0368131357107924
1807 1807 45.4 0.067937592520637
1808 1808 45.2 0.310061016988096
1809 1809 44 0.17977201841442
1810 1810 42.2 0.0818140141871864
1811 1811 45.8 -0.121592916852608
1812 1812 52.4 0.254754773835215
1813 1813 48.8 0.146247234556989
1814 1814 46 -0.00894348749210691
1815 1815 45.8 0.0543521129949132
1816 1816 48 -0.203216610461666
1817 1817 54.6 0.0711536191728587
1818 1818 48.4 -0.147990423169278
1819 1819 48.8 0.248154646732355
1820 1820 55.8 0.219320179110199
1821 1821 52.8 0.285184223951841
1822 1822 46.2 0.0960440304071214
1823 1823 51.6 0.280176207774544
1824 1824 46 0.0854581656585683
1825 1825 51.4 0.242747090899128
1826 1826 50.8 0.102503929228258
1827 1827 42.4 -0.108266574666612
1828 1828 48.2 0.094826485189705
1829 1829 47 0.103154426603387
1830 1830 31 0.0104581373156994
1831 1831 54.2 0.141416864074471
1832 1832 49.8 -0.0619218019408051
1833 1833 46.8 -0.0594153573694455
1834 1834 55.2 0.0855171633470623
1835 1835 50.6 0.119676433407523
1836 1836 58.6 0.0300354499303928
1837 1837 61 0.298244902505135
1838 1838 59 0.344387099096998
1839 1839 50.4 0.199122303050823
1840 1840 47 0.380931859765681
1841 1841 49 0.234245985178509
1842 1842 55 0.394617626660121
1843 1843 47.6 -0.138733703248014
1844 1844 52.6 -0.0127115515127742
1845 1845 50.2 0.26112378314952
1846 1846 55.6 -0.0385833431759979
1847 1847 51.4 -0.014513548020412
1848 1848 60 0.221601074996343
1849 1849 47.6 -0.0903344099850569
1850 1850 50 0.00772953773147073
1851 1851 48.6 0.218967193677491
1852 1852 51.2 0.0475650728612495
1853 1853 56.6 0.312394688830098
1854 1854 64.6 0.0982791552252003
1855 1855 42 0.211578298805673
1856 1856 62.2 0.160153285593645
1857 1857 50 -0.0126955403406755
1858 1858 53.2 -0.151376742559528
1859 1859 31.8 0.257784931663508
1860 1860 53.4 0.376745329839457
1861 1861 44.6 0.204187097977003
1862 1862 50.4 0.012097281059301
1863 1863 60.2 0.120864131711733
1864 1864 50.6 -0.0681043768191241
1865 1865 42 -0.190564738900327
1866 1866 49.8 -0.301587424473879
1867 1867 39.8 -0.0381064887026244
1868 1868 53.2 0.0742271115865064
1869 1869 50.2 -0.30466265723232
1870 1870 52 0.095419377152174
1871 1871 50.4 0.18962241345331
1872 1872 48.6 0.337230931832668
1873 1873 47.8 0.137077444858152
1874 1874 46.6 -0.243073421306544
1875 1875 49 -0.264164442313859
1876 1876 31 -0.059753854431749
1877 1877 41.8 -0.320076151420342
1878 1878 45 0.109140516554538
1879 1879 52.2 0.0880905241757256
1880 1880 55.2 -0.191178863069274
1881 1881 50.4 -0.0770487483586047
1882 1882 43.8 -0.0246461834761612
1883 1883 36.6 -0.00673090013910174
1884 1884 55.4 -0.095571063959579
1885 1885 54.2 -0.291458356724956
1886 1886 46.4 0.0515117832749524
1887 1887 52.4 0.150277786081111
1888 1888 45.8 0.104481091439345
1889 1889 55.4 0.499751377030609
1890 1890 49 -0.154000964964776
1891 1891 51.4 0.00229361427811184
1892 1892 45.6 0.250342782241014
1893 1893 47.6 0.0655382226626872
1894 1894 43.8 -0.251705357447001
